0 0.00100705
1 0.00100705
2 0.00100705
3 0.00100705
4 0.00100705
5 0.00100705
6 0.00100705
7 0.00100705
8 0.00100705
9 0.00100705
10 0.00100705
11 0.00100705
12 0.00100705
13 0.00100705
14 0.00100705
15 0.00100705
16 0.00100705
17 0.00100705
18 0.00100705
19 0.00100705
20 0.00100705
21 0.00100705
22 0.00100705
23 0.00100705
24 0.00100705
25 0.00100705
26 0.00100705
27 0.00100705
28 0.00100705
29 0.00100705
30 0.00100705
31 0.00100705
32 0.00100705
33 0.00100705
34 0.00100705
35 0.00100705
36 0.00100705
37 0.00100705
38 0.00100705
39 0.00100705
40 0.00100705
41 0.00100705
42 0.00100705
43 0.00100705
44 0.00100705
45 0.00100705
46 0.00100705
47 0.00100705
48 0.00100705
49 0.00100705
50 0.00100705
51 0.00100705
52 0.00100705
53 0.00100705
54 0.00100705
55 0.00100705
56 0.00100705
57 0.00100705
58 0.00100705
59 0.00100705
60 0.00100705
61 0.00100705
62 0.00100705
63 0.00100705
64 0.00100705
65 0.00100705
66 0.00100705
67 0.00100705
68 0.00100705
69 0.00100705
70 0.00100705
71 0.00100705
72 0.00100705
73 0.00100705
74 0.00100705
75 0.00100705
76 0.00100705
77 0.00100705
78 0.00100705
79 0.00100705
80 0.00100705
81 0.00100705
82 0.00100705
83 0.00100705
84 0.00100705
85 0.00100705
86 0.00100705
87 0.00100705
88 0.00100705
89 0.00100705
90 0.00100705
91 0.00100705
92 0.00100705
93 0.00100705
94 0.00100705
95 0.00100705
96 0.00100705
97 0.00100705
98 0.00100705
99 0.00100705
100 0.00100705
101 0.00100705
102 0.00100705
103 0.00100705
104 0.00100705
105 0.00100705
106 0.00100705
107 0.00100705
108 0.00100705
109 0.00100705
110 0.00100705
111 0.00100705
112 0.00100705
113 0.00100705
114 0.00100705
115 0.00100705
116 0.00100705
117 0.00100705
118 0.00100705
119 0.00100705
120 0.00100705
121 0.00100705
122 0.00100705
123 0.00100705
124 0.00100705
125 0.00100705
126 0.00100705
127 0.00100705
128 0.00100705
129 0.00100705
130 0.00100705
131 0.00100705
132 0.00100705
133 0.00100705
134 0.00100705
135 0.00100705
136 0.00100705
137 0.00100705
138 0.00100705
139 0.00100705
140 0.00100705
141 0.00100705
142 0.00100705
143 0.00100705
144 0.00100705
145 0.00100705
146 0.00100705
147 0.00100705
148 0.00100705
149 0.00100705
150 0.00100705
151 0.00100705
152 0.00100705
153 0.00100705
154 0.00100705
155 0.00100705
156 0.00100705
157 0.00100705
158 0.00100705
159 0.00100705
160 0.00100705
161 0.00100705
162 0.00100705
163 0.00100705
164 0.00100705
165 0.00100705
166 0.00100705
167 0.00100705
168 0.00100705
169 0.00100705
170 0.00100705
171 0.00100705
172 0.00100705
173 0.00100705
174 0.00100705
175 0.00100705
176 0.00100705
177 0.00100705
178 0.00100705
179 0.00100705
180 0.00100705
181 0.00100705
182 0.00100705
183 0.00100705
184 0.00100705
185 0.00100705
186 0.00100705
187 0.00100705
188 0.00100705
189 0.00100705
190 0.00100705
191 0.00100705
192 0.00100705
193 0.00100705
194 0.00100705
195 0.00100705
196 0.00100705
197 0.00100705
198 0.00100705
199 0.00100705
200 0.00100705
201 0.00100705
202 0.00100705
203 0.00100705
204 0.00100705
205 0.00100705
206 0.00100705
207 0.00100705
208 0.00100705
209 0.00100705
210 0.00100705
211 0.00100705
212 0.00100705
213 0.00100705
214 0.00100705
215 0.00100705
216 0.00100705
217 0.00100705
218 0.00100705
219 0.00100705
220 0.00100705
221 0.00100705
222 0.00100705
223 0.00100705
224 0.00100705
225 0.00100705
226 0.00100705
227 0.00100705
228 0.00100705
229 0.00100705
230 0.00100705
231 0.00100705
232 0.00100705
233 0.00100705
234 0.00100705
235 0.00100705
236 0.00100705
237 0.00100705
238 0.00100705
239 0.00100705
240 0.00100705
241 0.00100705
242 0.00100705
243 0.00100705
244 0.00100705
245 0.00100705
246 0.00100705
247 0.00100705
248 0.00100705
249 0.00100705
250 0.00100705
251 0.00100705
252 0.00100705
253 0.00100705
254 0.00100705
255 0.00100705
256 0.00100705
257 0.00100705
258 0.00100705
259 0.00100705
260 0.00100705
261 0.00100705
262 0.00100705
263 0.00100705
264 0.00100705
265 0.00100705
266 0.00100705
267 0.00100705
268 0.00100705
269 0.00100705
270 0.00100705
271 0.00100705
272 0.00100705
273 0.00100705
274 0.00100705
275 0.00100705
276 0.00100705
277 0.00100705
278 0.00100705
279 0.00100705
280 0.00100705
281 0.00100705
282 0.00100705
283 0.00100705
284 0.00100705
285 0.00100705
286 0.00100705
287 0.00100705
288 0.00100705
289 0.00100705
290 0.00100705
291 0.00100705
292 0.00100705
293 0.00100705
294 0.00100705
295 0.00100705
296 0.00100705
297 0.00100705
298 0.00100705
299 0.00100705
300 0.00100705
301 0.00100705
302 0.00100705
303 0.00100705
304 0.00100705
305 0.00100705
306 0.00100705
307 0.00100705
308 0.00100705
309 0.00100705
310 0.00100705
311 0.00100705
312 0.00100705
313 0.00100705
314 0.00100705
315 0.00100705
316 0.00100705
317 0.00100705
318 0.00100705
319 0.00100705
320 0.00100705
321 0.00100705
322 0.00100705
323 0.00100705
324 0.00100705
325 0.00100705
326 0.00100705
327 0.00100705
328 0.00100705
329 0.00100705
330 0.00100705
331 0.00100705
332 0.00100705
333 0.00100705
334 0.00100705
335 0.00100705
336 0.00100705
337 0.00100705
338 0.00100705
339 0.00100705
340 0.00100705
341 0.00100705
342 0.00100705
343 0.00100705
344 0.00100705
345 0.00100705
346 0.00100705
347 0.00100705
348 0.00100705
349 0.00100705
350 0.00100705
351 0.00100705
352 0.00100705
353 0.00100705
354 0.00100705
355 0.00100705
356 0.00100705
357 0.00100705
358 0.00100705
359 0.00100705
360 0.00100705
361 0.00100705
362 0.00100705
363 0.00100705
364 0.00100705
365 0.00100705
366 0.00100705
367 0.00100705
368 0.00100705
369 0.00100705
370 0.00100705
371 0.00100705
372 0.00100705
373 0.00100705
374 0.00100705
375 0.00100705
376 0.00100705
377 0.00100705
378 0.00100705
379 0.00100705
380 0.00100705
381 0.00100705
382 0.00100705
383 0.00100705
384 0.00100705
385 0.00100705
386 0.00100705
387 0.00100705
388 0.00100705
389 0.00100705
390 0.00100705
391 0.00100705
392 0.00100705
393 0.00100705
394 0.00100705
395 0.00100705
396 0.00100705
397 0.00100705
398 0.00100705
399 0.00100705
400 0.00100705
401 0.00100705
402 0.00100705
403 0.00100705
404 0.00100705
405 0.00100705
406 0.00100705
407 0.00100705
408 0.00100705
409 0.00100705
410 0.00100705
411 0.00100705
412 0.00100705
413 0.00100705
414 0.00100705
415 0.00100705
416 0.00100705
417 0.00100705
418 0.00100705
419 0.00100705
420 0.00100705
421 0.00100705
422 0.00100705
423 0.00100705
424 0.00100705
425 0.00100705
426 0.00100705
427 0.00100705
428 0.00100705
429 0.00100705
430 0.00100705
431 0.00100705
432 0.00100705
433 0.00100705
434 0.00100705
435 0.00100705
436 0.00100705
437 0.00100705
438 0.00100705
439 0.00100705
440 0.00100705
441 0.00100705
442 0.00100705
443 0.00100705
444 0.00100705
445 0.00100705
446 0.00100705
447 0.00100705
448 0.00100705
449 0.00100705
450 0.00100705
451 0.00100705
452 0.00100705
453 0.00100705
454 0.00100705
455 0.00100705
456 0.00100705
457 0.00100705
458 0.00100705
459 0.00100705
460 0.00100705
461 0.00100705
462 0.00100705
463 0.00100705
464 0.00100705
465 0.00100705
466 0.00100705
467 0.00100705
468 0.00100705
469 0.00100705
470 0.00100705
471 0.00100705
472 0.00100705
473 0.00100705
474 0.00100705
475 0.00100705
476 0.00100705
477 0.00100705
478 0.00100705
479 0.00100705
480 0.00100705
481 0.00100705
482 0.00100705
483 0.00100705
484 0.00100705
485 0.00100705
486 0.00100705
487 0.00100705
488 0.00100705
489 0.00100705
490 0.00100705
491 0.00100705
492 0.00100705
493 0.00100705
494 0.00100705
495 0.00100705
496 0.00100705
497 0.00100705
498 0.00100705
499 0.00100705
500 0.00100705
501 0.00100705
502 0.00100705
503 0.00100705
504 0.00100705
505 0.00100705
506 0.00100705
507 0.00100705
508 0.00100705
509 0.00100705
510 0.00100705
511 0.00100705
512 0.00100705
513 0.00100705
514 0.00100705
515 0.00100705
516 0.00100705
517 0.00100705
518 0.00100705
519 0.00100705
520 0.00100705
521 0.00100705
522 0.00100705
523 0.00100705
524 0.00100705
525 0.00100705
526 0.00100705
527 0.00100705
528 0.00100705
529 0.00100705
530 0.00100705
531 0.00100705
532 0.00100705
533 0.00100705
534 0.00100705
535 0.00100705
536 0.00100705
537 0.00100705
538 0.00100705
539 0.00100705
540 0.00100705
541 0.00100705
542 0.00100705
543 0.00100705
544 0.00100705
545 0.00100705
546 0.00100705
547 0.00100705
548 0.00100705
549 0.00100705
550 0.00100705
551 0.00100705
552 0.00100705
553 0.00100705
554 0.00100705
555 0.00100705
556 0.00100705
557 0.00100705
558 0.00100705
559 0.00100705
560 0.00100705
561 0.00100705
562 0.00100705
563 0.00100705
564 0.00100705
565 0.00100705
566 0.00100705
567 0.00100705
568 0.00100705
569 0.00100705
570 0.00100705
571 0.00100705
572 0.00100705
573 0.00100705
574 0.00100705
575 0.00100705
576 0.00100705
577 0.00100705
578 0.00100705
579 0.00100705
580 0.00100705
581 0.00100705
582 0.00100705
583 0.00100705
584 0.00100705
585 0.00100705
586 0.00100705
587 0.00100705
588 0.00100705
589 0.00100705
590 0.00100705
591 0.00100705
592 0.00100705
593 0.00100705
594 0.00100705
595 0.00100705
596 0.00100705
597 0.00100705
598 0.00100705
599 0.00100705
600 0.00100705
601 0.00100705
602 0.00100705
603 0.00100705
604 0.00100705
605 0.00100705
606 0.00100705
607 0.00100705
608 0.00100705
609 0.00100705
610 0.00100705
611 0.00100705
612 0.00100705
613 0.00100705
614 0.00100705
615 0.00100705
616 0.00100705
617 0.00100705
618 0.00100705
619 0.00100705
620 0.00100705
621 0.00100705
622 0.00100705
623 0.00100705
624 0.00100705
625 0.00100705
626 0.00100705
627 0.00100705
628 0.00100705
629 0.00100705
630 0.00100705
631 0.00100705
632 0.00100705
633 0.00100705
634 0.00100705
635 0.00100705
636 0.00100705
637 0.00100705
638 0.00100705
639 0.00100705
640 0.00100705
641 0.00100705
642 0.00100705
643 0.00100705
644 0.00100705
645 0.00100705
646 0.00100705
647 0.00100705
648 0.00100705
649 0.00100705
650 0.00100705
651 0.00100705
652 0.00100705
653 0.00100705
654 0.00100705
655 0.00100705
656 0.00100705
657 0.00100705
658 0.00100705
659 0.00100705
660 0.00100705
661 0.00100705
662 0.00100705
663 0.00100705
664 0.00100705
665 0.00100705
666 0.00100705
667 0.00100705
668 0.00100705
669 0.00100705
670 0.00100705
671 0.00100705
672 0.00100705
673 0.00100705
674 0.00100705
675 0.00100705
676 0.00100705
677 0.00100705
678 0.00100705
679 0.00100705
680 0.00100705
681 0.00100705
682 0.00100705
683 0.00100705
684 0.00100705
685 0.00100705
686 0.00100705
687 0.00100705
688 0.00100705
689 0.00100705
690 0.00100705
691 0.00100705
692 0.00100705
693 0.00100705
694 0.00100705
695 0.00100705
696 0.00100705
697 0.00100705
698 0.00100705
699 0.00100705
700 0.00100705
701 0.00100705
702 0.00100705
703 0.00100705
704 0.00100705
705 0.00100705
706 0.00100705
707 0.00100705
708 0.00100705
709 0.00100705
710 0.00100705
711 0.00100705
712 0.00100705
713 0.00100705
714 0.00100705
715 0.00100705
716 0.00100705
717 0.00100705
718 0.00100705
719 0.00100705
720 0.00100705
721 0.00100705
722 0.00100705
723 0.00100705
724 0.00100705
725 0.00100705
726 0.00100705
727 0.00100705
728 0.00100705
729 0.00100705
730 0.00100705
731 0.00100705
732 0.00100705
733 0.00100705
734 0.00100705
735 0.00100705
736 0.00100705
737 0.00100705
738 0.00100705
739 0.00100705
740 0.00100705
741 0.00100705
742 0.00100705
743 0.00100705
744 0.00100705
745 0.00100705
746 0.00100705
747 0.00100705
748 0.00100705
749 0.00100705
750 0.00100705
751 0.00100705
752 0.00100705
753 0.00100705
754 0.00100705
755 0.00100705
756 0.00100705
757 0.00100705
758 0.00100705
759 0.00100705
760 0.00100705
761 0.00100705
762 0.00100705
763 0.00100705
764 0.00100705
765 0.00100705
766 0.00100705
767 0.00100705
768 0.00100705
769 0.00100705
770 0.00100705
771 0.00100705
772 0.00100705
773 0.00100705
774 0.00100705
775 0.00100705
776 0.00100705
777 0.00100705
778 0.00100705
779 0.00100705
780 0.00100705
781 0.00100705
782 0.00100705
783 0.00100705
784 0.00100705
785 0.00100705
786 0.00100705
787 0.00100705
788 0.00100705
789 0.00100705
790 0.00100705
791 0.00100705
792 0.00100705
793 0.00100705
794 0.00100705
795 0.00100705
796 0.00100705
797 0.00100705
798 0.00100705
799 0.00100705
800 0.00100705
801 0.00100705
802 0.00100705
803 0.00100705
804 0.00100705
805 0.00100705
806 0.00100705
807 0.00100705
808 0.00100705
809 0.00100705
810 0.00100705
811 0.00100705
812 0.00100705
813 0.00100705
814 0.00100705
815 0.00100705
816 0.00100705
817 0.00100705
818 0.00100705
819 0.00100705
820 0.00100705
821 0.00100705
822 0.00100705
823 0.00100705
824 0.00100705
825 0.00100705
826 0.00100705
827 0.00100705
828 0.00100705
829 0.00100705
830 0.00100705
831 0.00100705
832 0.00100705
833 0.00100705
834 0.00100705
835 0.00100705
836 0.00100705
837 0.00100705
838 0.00100705
839 0.00100705
840 0.00100705
841 0.00100705
842 0.00100705
843 0.00100705
844 0.00100705
845 0.00100705
846 0.00100705
847 0.00100705
848 0.00100705
849 0.00100705
850 0.00100705
851 0.00100705
852 0.00100705
853 0.00100705
854 0.00100705
855 0.00100705
856 0.00100705
857 0.00100705
858 0.00100705
859 0.00100705
860 0.00100705
861 0.00100705
862 0.00100705
863 0.00100705
864 0.00100705
865 0.00100705
866 0.00100705
867 0.00100705
868 0.00100705
869 0.00100705
870 0.00100705
871 0.00100705
872 0.00100705
873 0.00100705
874 0.00100705
875 0.00100705
876 0.00100705
877 0.00100705
878 0.00100705
879 0.00100705
880 0.00100705
881 0.00100705
882 0.00100705
883 0.00100705
884 0.00100705
885 0.00100705
886 0.00100705
887 0.00100705
888 0.00100705
889 0.00100705
890 0.00100705
891 0.00100705
892 0.00100705
893 0.00100705
894 0.00100705
895 0.00100705
896 0.00100705
897 0.00100705
898 0.00100705
899 0.00100705
900 0.00100705
901 0.00100705
902 0.00100705
903 0.00100705
904 0.00100705
905 0.00100705
906 0.00100705
907 0.00100705
908 0.00100705
909 0.00100705
910 0.00100705
911 0.00100705
912 0.00100705
913 0.00100705
914 0.00100705
915 0.00100705
916 0.00100705
917 0.00100705
918 0.00100705
919 0.00100705
920 0.00100705
921 0.00100705
922 0.00100705
923 0.00100705
924 0.00100705
925 0.00100705
926 0.00100705
927 0.00100705
928 0.00100705
929 0.00100705
930 0.00100705
931 0.00100705
932 0.00100705
933 0.00100705
934 0.00100705
935 0.00100705
936 0.00100705
937 0.00100705
938 0.00100705
939 0.00100705
940 0.00100705
941 0.00100705
942 0.00100705
943 0.00100705
944 0.00100705
945 0.00100705
946 0.00100705
947 0.00100705
948 0.00100705
949 0.00100705
950 0.00100705
951 0.00100705
952 0.00100705
953 0.00100705
954 0.00100705
955 0.00100705
956 0.00100705
957 0.00100705
958 0.00100705
959 0.00100705
960 0.00100705
961 0.00100705
962 0.00100705
963 0.00100705
964 0.00100705
965 0.00100705
966 0.00100705
967 0.00100705
968 0.00100705
969 0.00100705
970 0.00100705
971 0.00100705
972 0.00100705
973 0.00100705
974 0.00100705
975 0.00100705
976 0.00100705
977 0.00100705
978 0.00100705
979 0.00100705
980 0.00100705
981 0.00100705
982 0.00100705
983 0.00100705
984 0.00100705
985 0.00100705
986 0.00100705
987 0.00100705
988 0.00100705
989 0.00100705
990 0.00100705
991 0.00100705
992 0.00100705
993 0.00100705
994 0.00100705
995 0.00100705
996 0.00100705
997 0.00100705
998 0.00100705
999 0.00100705
1000 0.00100705
1001 0.00100705
1002 0.00100705
1003 0.00100705
1004 0.00100705
1005 0.00100705
1006 0.00100705
1007 0.00100705
1008 0.00100705
1009 0.00100705
1010 0.00100705
1011 0.00100705
1012 0.00100705
1013 0.00100705
1014 0.00100705
1015 0.00100705
1016 0.00100705
1017 0.00100705
1018 0.00100705
1019 0.00100705
1020 0.00100705
1021 0.00100705
1022 0.00100705
1023 0.00100705
1024 0.00100705
1025 0.00100705
1026 0.00100705
1027 0.00100705
1028 0.00100705
1029 0.00100705
1030 0.00100705
1031 0.00100705
1032 0.00100705
1033 0.00100705
1034 0.00100705
1035 0.00100705
1036 0.00100705
1037 0.00100705
1038 0.00100705
1039 0.00100705
1040 0.00100705
1041 0.00100705
1042 0.00100705
1043 0.00100705
1044 0.00100705
1045 0.00100705
1046 0.00100705
1047 0.00100705
1048 0.00100705
1049 0.00100705
1050 0.00100705
1051 0.00100705
1052 0.00100705
1053 0.00100705
1054 0.00100705
1055 0.00100705
1056 0.00100705
