0 0.0424121
1 0.0364661
2 0.0364661
3 0.0364661
4 0.0364661
5 0.0364661
6 0.0364661
7 0.0269229
8 0.014596
9 0.014596
10 0.0231186
11 0.0269229
12 0.014596
13 0.014596
14 0.0231186
15 0.0269229
16 0.0145959
17 0.0145959
18 0.0231186
19 0.0269229
20 0.014596
21 0.014596
22 0.0231186
23 0.0269229
24 0.014596
25 0.014596
26 0.0231186
27 0.0269229
28 0.0145959
29 0.0145959
30 0.0231186
31 0.0107195
32 0.0035817
33 0.00574364
34 0.00671439
35 0.00221357
36 0.00221358
37 0.00574366
38 0.0107195
39 0.0035817
40 0.00574366
41 0.00671439
42 0.00221358
43 0.00221357
44 0.00574364
45 0.0107195
46 0.0035817
47 0.00574367
48 0.00671439
49 0.00221357
50 0.00221357
51 0.00574367
52 0.0107195
53 0.0035817
54 0.00574364
55 0.00671439
56 0.00221357
57 0.00221358
58 0.00574366
59 0.0107195
60 0.0035817
61 0.00574366
62 0.00671439
63 0.00221358
64 0.00221357
65 0.00574364
66 0.0107195
67 0.0035817
68 0.00574367
69 0.00671439
70 0.00221357
71 0.00221357
72 0.00574367
73 0.00160883
74 0.000311044
75 0.000842045
76 0.00160884
77 0.000311042
78 0.000509128
79 0.000598917
80 0.000109369
81 0.000109368
82 0.000509127
83 0.00160884
84 0.000311043
85 0.000842047
86 0.00160884
87 0.000311043
88 0.000509127
89 0.000598917
90 0.000109368
91 0.000109369
92 0.000509128
93 0.00160884
94 0.000311042
95 0.000842045
96 0.00160883
97 0.000311044
98 0.000509128
99 0.000598921
100 0.000109368
101 0.000109368
102 0.000509128
103 0.00160883
104 0.000311044
105 0.000842045
106 0.00160884
107 0.000311042
108 0.000509128
109 0.000598917
110 0.000109369
111 0.000109368
112 0.000509127
113 0.00160884
114 0.000311043
115 0.000842047
116 0.00160884
117 0.000311043
118 0.000509127
119 0.000598917
120 0.000109368
121 0.000109369
122 0.000509128
123 0.00160884
124 0.000311042
125 0.000842045
126 0.00160883
127 0.000311044
128 0.000509128
129 0.000598921
130 0.000109368
131 0.000109368
132 0.000509128
133 7.82668e-05
134 7.48928e-06
135 3.95328e-05
136 0.000134195
137 1.3662e-05
138 3.9533e-05
139 7.82667e-05
140 7.48927e-06
141 1.26177e-05
142 1.49728e-05
143 1.1599e-06
144 1.15991e-06
145 1.26177e-05
146 7.8267e-05
147 7.48926e-06
148 3.95329e-05
149 0.000134194
150 1.3662e-05
151 3.95329e-05
152 7.8267e-05
153 7.48926e-06
154 1.26177e-05
155 1.49728e-05
156 1.15991e-06
157 1.1599e-06
158 1.26177e-05
159 7.82667e-05
160 7.48927e-06
161 3.9533e-05
162 0.000134195
163 1.3662e-05
164 3.95328e-05
165 7.82668e-05
166 7.48928e-06
167 1.26178e-05
168 1.49728e-05
169 1.1599e-06
170 1.1599e-06
171 1.26178e-05
172 7.82668e-05
173 7.48928e-06
174 3.95328e-05
175 0.000134195
176 1.3662e-05
177 3.9533e-05
178 7.82667e-05
179 7.48927e-06
180 1.26177e-05
181 1.49728e-05
182 1.1599e-06
183 1.15991e-06
184 1.26177e-05
185 7.8267e-05
186 7.48926e-06
187 3.95329e-05
188 0.000134194
189 1.3662e-05
190 3.95329e-05
191 7.8267e-05
192 7.48926e-06
193 1.26177e-05
194 1.49728e-05
195 1.15991e-06
196 1.1599e-06
197 1.26177e-05
198 7.82667e-05
199 7.48927e-06
200 3.9533e-05
201 0.000134195
202 1.3662e-05
203 3.95328e-05
204 7.82668e-05
205 7.48928e-06
206 1.26178e-05
207 1.49728e-05
208 1.1599e-06
209 1.1599e-06
210 1.26178e-05
211 8.13044e-07
212 2.16958e-08
213 3.91064e-07
214 3.04685e-06
215 1.22626e-07
216 8.03443e-07
217 3.04683e-06
218 1.22626e-07
219 3.91064e-07
220 8.13048e-07
221 2.16957e-08
222 3.79676e-08
223 4.55609e-08
224 0
225 0
226 3.79676e-08
227 8.13043e-07
228 2.16957e-08
229 3.91065e-07
230 3.04684e-06
231 1.22626e-07
232 8.0344e-07
233 3.04684e-06
234 1.22626e-07
235 3.91065e-07
236 8.13043e-07
237 2.16957e-08
238 3.79676e-08
239 4.55609e-08
240 0
241 0
242 3.79676e-08
243 8.13048e-07
244 2.16957e-08
245 3.91064e-07
246 3.04683e-06
247 1.22626e-07
248 8.03443e-07
249 3.04685e-06
250 1.22626e-07
251 3.91064e-07
252 8.13044e-07
253 2.16958e-08
254 3.79677e-08
255 4.55612e-08
256 0
257 0
258 3.79677e-08
259 8.13044e-07
260 2.16958e-08
261 3.91064e-07
262 3.04685e-06
263 1.22626e-07
264 8.03443e-07
265 3.04683e-06
266 1.22626e-07
267 3.91064e-07
268 8.13048e-07
269 2.16957e-08
270 3.79676e-08
271 4.55609e-08
272 0
273 0
274 3.79676e-08
275 8.13043e-07
276 2.16957e-08
277 3.91065e-07
278 3.04684e-06
279 1.22626e-07
280 8.0344e-07
281 3.04684e-06
282 1.22626e-07
283 3.91065e-07
284 8.13043e-07
285 2.16957e-08
286 3.79676e-08
287 4.55609e-08
288 0
289 0
290 3.79676e-08
291 8.13048e-07
292 2.16957e-08
293 3.91064e-07
294 3.04683e-06
295 1.22626e-07
296 8.03443e-07
297 3.04685e-06
298 1.22626e-07
299 3.91064e-07
300 8.13044e-07
301 2.16958e-08
302 3.79677e-08
303 4.55612e-08
304 0
305 0
306 3.79677e-08
307 0
308 0
309 0
310 8.13594e-09
311 0
312 1.80799e-09
313 2.24641e-08
314 1.80799e-10
315 1.80798e-09
316 8.13593e-09
317 0
318 0
319 0
320 0
321 0
322 0
323 0
324 0
325 0
326 0
327 0
328 0
329 8.13592e-09
330 0
331 1.80798e-09
332 2.24641e-08
333 1.80797e-10
334 1.80798e-09
335 8.13592e-09
336 0
337 0
338 0
339 0
340 0
341 0
342 0
343 0
344 0
345 0
346 0
347 0
348 8.13593e-09
349 0
350 1.80798e-09
351 2.24641e-08
352 1.80799e-10
353 1.80799e-09
354 8.13594e-09
355 0
356 0
357 0
358 0
359 0
360 0
361 0
362 0
363 0
364 0
365 0
366 0
367 8.13594e-09
368 0
369 1.80799e-09
370 2.24641e-08
371 1.80799e-10
372 1.80798e-09
373 8.13593e-09
374 0
375 0
376 0
377 0
378 0
379 0
380 0
381 0
382 0
383 0
384 0
385 0
386 8.13592e-09
387 0
388 1.80798e-09
389 2.24641e-08
390 1.80797e-10
391 1.80798e-09
392 8.13592e-09
393 0
394 0
395 0
396 0
397 0
398 0
399 0
400 0
401 0
402 0
403 0
404 0
405 8.13593e-09
406 0
407 1.80798e-09
408 2.24641e-08
409 1.80799e-10
410 1.80799e-09
411 8.13594e-09
412 0
413 0
414 0
415 0
416 0
417 0
418 0
419 0
420 0
421 0
422 0
423 0
424 0
425 0
426 0
427 0
428 0
429 0
430 0
431 0
432 0
433 0
434 0
435 0
436 0
437 0
438 0
439 0
440 0
441 0
442 0
443 0
444 0
445 0
446 0
447 0
448 0
449 0
450 0
451 0
452 0
453 0
454 0
455 0
456 0
457 0
458 0
459 0
460 0
461 0
462 0
463 0
464 0
465 0
466 0
467 0
468 0
469 0
470 0
471 0
472 0
473 0
474 0
475 0
476 0
477 0
478 0
479 0
480 0
481 0
482 0
483 0
484 0
485 0
486 0
487 0
488 0
489 0
490 0
491 0
492 0
493 0
494 0
495 0
496 0
497 0
498 0
499 0
500 0
501 0
502 0
503 0
504 0
505 0
506 0
507 0
508 0
509 0
510 0
511 0
512 0
513 0
514 0
515 0
516 0
517 0
518 0
519 0
520 0
521 0
522 0
523 0
524 0
525 0
526 0
527 0
528 0
529 0
530 0
531 0
532 0
533 0
534 0
535 0
536 0
537 0
538 0
539 0
540 0
541 0
542 0
543 0
544 0
545 0
546 0
547 0
548 0
549 0
550 0
551 0
552 0
553 0
554 0
555 0
556 0
557 0
558 0
559 0
560 0
561 0
562 0
563 0
564 0
565 0
566 0
567 0
568 0
569 0
570 0
571 0
572 0
573 0
574 0
575 0
576 0
577 0
578 0
579 0
580 0
581 0
582 0
583 0
584 0
585 0
586 0
587 0
588 0
589 0
590 0
591 0
592 0
593 0
594 0
595 0
596 0
597 0
598 0
599 0
600 0
601 0
602 0
603 0
604 0
605 0
606 0
607 0
608 0
609 0
610 0
611 0
612 0
613 0
614 0
615 0
616 0
617 0
618 0
619 0
620 0
621 0
622 0
623 0
624 0
625 0
626 0
627 0
628 0
629 0
630 0
631 0
632 0
633 0
634 0
635 0
636 0
637 0
638 0
639 0
640 0
641 0
642 0
643 0
644 0
645 0
646 0
647 0
648 0
649 0
650 0
651 0
652 0
653 0
654 0
655 0
656 0
657 0
658 0
659 0
660 0
661 0
662 0
663 0
664 0
665 0
666 0
667 0
668 0
669 0
670 0
671 0
672 0
673 0
674 0
675 0
676 0
677 0
678 0
679 0
680 0
681 0
682 0
683 0
684 0
685 0
686 0
687 0
688 0
689 0
690 0
691 0
692 0
693 0
694 0
695 0
696 0
697 0
698 0
699 0
700 0
701 0
702 0
703 0
704 0
705 0
706 0
707 0
708 0
709 0
710 0
711 0
712 0
713 0
714 0
715 0
716 0
717 0
718 0
719 0
720 0
721 0
722 0
723 0
724 0
725 0
726 0
727 0
728 0
729 0
730 0
731 0
732 0
733 0
734 0
735 0
736 0
737 0
738 0
739 0
740 0
741 0
742 0
743 0
744 0
745 0
746 0
747 0
748 0
749 0
750 0
751 0
752 0
753 0
754 0
755 0
756 0
757 0
758 0
759 0
760 0
761 0
762 0
763 0
764 0
765 0
766 0
767 0
768 0
769 0
770 0
771 0
772 0
773 0
774 0
775 0
776 0
777 0
778 0
779 0
780 0
781 0
782 0
783 0
784 0
785 0
786 0
787 0
788 0
789 0
790 0
791 0
792 0
793 0
794 0
795 0
796 0
797 0
798 0
799 0
800 0
801 0
802 0
803 0
804 0
805 0
806 0
807 0
808 0
809 0
810 0
811 0
812 0
813 0
814 0
815 0
816 0
817 0
818 0
819 0
820 0
821 0
822 0
823 0
824 0
825 0
826 0
827 0
828 0
829 0
830 0
831 0
832 0
833 0
834 0
835 0
836 0
837 0
838 0
839 0
840 0
841 0
842 0
843 0
844 0
845 0
846 0
847 0
848 0
849 0
850 0
851 0
852 0
853 0
854 0
855 0
856 0
857 0
858 0
859 0
860 0
861 0
862 0
863 0
864 0
865 0
866 0
867 0
868 0
869 0
870 0
871 0
872 0
873 0
874 0
875 0
876 0
877 0
878 0
879 0
880 0
881 0
882 0
883 0
884 0
885 0
886 0
887 0
888 0
889 0
890 0
891 0
892 0
893 0
894 0
895 0
896 0
897 0
898 0
899 0
900 0
901 0
902 0
903 0
904 0
905 0
906 0
907 0
908 0
909 0
910 0
911 0
912 0
913 0
914 0
915 0
916 0
917 0
918 0
919 0
920 0
921 0
922 0
923 0
924 0
925 0
926 0
927 0
928 0
929 0
930 0
931 0
932 0
933 0
934 0
935 0
936 0
937 0
938 0
939 0
940 0
941 0
942 0
943 0
944 0
945 0
946 0
947 0
948 0
949 0
950 0
951 0
952 0
953 0
954 0
955 0
956 0
957 0
958 0
959 0
960 0
961 0
962 0
963 0
964 0
965 0
966 0
967 0
968 0
969 0
970 0
971 0
972 0
973 0
974 0
975 0
976 0
977 0
978 0
979 0
980 0
981 0
982 0
983 0
984 0
985 0
986 0
987 0
988 0
989 0
990 0
991 0
992 0
993 0
994 0
995 0
996 0
997 0
998 0
999 0
1000 0
1001 0
1002 0
1003 0
1004 0
1005 0
1006 0
1007 0
1008 0
1009 0
1010 0
1011 0
1012 0
1013 0
1014 0
1015 0
1016 0
1017 0
1018 0
1019 0
1020 0
1021 0
1022 0
1023 0
1024 0
1025 0
1026 0
1027 0
1028 0
1029 0
1030 0
1031 0
1032 0
1033 0
1034 0
1035 0
1036 0
1037 0
1038 0
1039 0
1040 0
1041 0
1042 0
1043 0
1044 0
1045 0
1046 0
1047 0
1048 0
1049 0
1050 0
1051 0
1052 0
1053 0
1054 0
1055 0
1056 0
