0 0.0143322
1 0.0136109
2 0.0136109
3 0.0136109
4 0.0136109
5 0.0136109
6 0.0136109
7 0.0122747
8 0.00998069
9 0.00998069
10 0.0116563
11 0.0122747
12 0.00998069
13 0.00998069
14 0.0116563
15 0.0122747
16 0.00998068
17 0.00998068
18 0.0116563
19 0.0122747
20 0.00998069
21 0.00998069
22 0.0116563
23 0.0122747
24 0.00998069
25 0.00998069
26 0.0116563
27 0.0122747
28 0.00998068
29 0.00998068
30 0.0116563
31 0.00899886
32 0.00625935
33 0.00731382
34 0.00770312
35 0.00535591
36 0.00535592
37 0.00731383
38 0.00899887
39 0.00625935
40 0.00731383
41 0.00770312
42 0.00535592
43 0.00535591
44 0.00731382
45 0.00899886
46 0.00625935
47 0.00731383
48 0.00770313
49 0.00535591
50 0.00535591
51 0.00731383
52 0.00899886
53 0.00625935
54 0.00731382
55 0.00770312
56 0.00535591
57 0.00535592
58 0.00731383
59 0.00899887
60 0.00625935
61 0.00731383
62 0.00770312
63 0.00535592
64 0.00535591
65 0.00731382
66 0.00899886
67 0.00625935
68 0.00731383
69 0.00770313
70 0.00535591
71 0.00535591
72 0.00731383
73 0.00482691
74 0.0028664
75 0.00391957
76 0.00482692
77 0.00286639
78 0.00335207
79 0.00353146
80 0.00209459
81 0.00209459
82 0.00335207
83 0.00482692
84 0.0028664
85 0.00391958
86 0.00482692
87 0.0028664
88 0.00335207
89 0.00353146
90 0.00209459
91 0.00209459
92 0.00335207
93 0.00482692
94 0.00286639
95 0.00391957
96 0.00482691
97 0.0028664
98 0.00335207
99 0.00353146
100 0.00209459
101 0.00209459
102 0.00335207
103 0.00482691
104 0.0028664
105 0.00391957
106 0.00482692
107 0.00286639
108 0.00335207
109 0.00353146
110 0.00209459
111 0.00209459
112 0.00335207
113 0.00482692
114 0.0028664
115 0.00391958
116 0.00482692
117 0.0028664
118 0.00335207
119 0.00353146
120 0.00209459
121 0.00209459
122 0.00335207
123 0.00482692
124 0.00286639
125 0.00391957
126 0.00482691
127 0.0028664
128 0.00335207
129 0.00353146
130 0.00209459
131 0.00209459
132 0.00335207
133 0.00188646
134 0.000953382
135 0.0015298
136 0.00220733
137 0.00111646
138 0.0015298
139 0.00188646
140 0.000953381
141 0.00111622
142 0.00117641
143 0.000593055
144 0.000593056
145 0.00111622
146 0.00188646
147 0.00095338
148 0.0015298
149 0.00220732
150 0.00111646
151 0.0015298
152 0.00188646
153 0.00095338
154 0.00111622
155 0.00117641
156 0.000593056
157 0.000593055
158 0.00111622
159 0.00188646
160 0.000953381
161 0.0015298
162 0.00220733
163 0.00111646
164 0.0015298
165 0.00188646
166 0.000953382
167 0.00111622
168 0.00117641
169 0.000593055
170 0.000593055
171 0.00111622
172 0.00188646
173 0.000953382
174 0.0015298
175 0.00220733
176 0.00111646
177 0.0015298
178 0.00188646
179 0.000953381
180 0.00111622
181 0.00117641
182 0.000593055
183 0.000593056
184 0.00111622
185 0.00188646
186 0.00095338
187 0.0015298
188 0.00220732
189 0.00111646
190 0.0015298
191 0.00188646
192 0.00095338
193 0.00111622
194 0.00117641
195 0.000593056
196 0.000593055
197 0.00111622
198 0.00188646
199 0.000953381
200 0.0015298
201 0.00220733
202 0.00111646
203 0.0015298
204 0.00188646
205 0.000953382
206 0.00111622
207 0.00117641
208 0.000593055
209 0.000593055
210 0.00111622
211 0.000533653
212 0.000228486
213 0.000431987
214 0.000732724
215 0.000314407
216 0.00050639
217 0.000732722
218 0.000314408
219 0.000431987
220 0.000533655
221 0.000228485
222 0.000267913
223 0.000282499
224 0.000120421
225 0.000120421
226 0.000267913
227 0.000533654
228 0.000228485
229 0.000431988
230 0.000732723
231 0.000314408
232 0.000506389
233 0.000732723
234 0.000314408
235 0.000431988
236 0.000533654
237 0.000228485
238 0.000267913
239 0.000282499
240 0.000120421
241 0.000120421
242 0.000267913
243 0.000533655
244 0.000228485
245 0.000431987
246 0.000732722
247 0.000314408
248 0.00050639
249 0.000732724
250 0.000314407
251 0.000431987
252 0.000533653
253 0.000228486
254 0.000267913
255 0.0002825
256 0.000120421
257 0.000120421
258 0.000267913
259 0.000533653
260 0.000228486
261 0.000431987
262 0.000732724
263 0.000314407
264 0.00050639
265 0.000732722
266 0.000314408
267 0.000431987
268 0.000533655
269 0.000228485
270 0.000267913
271 0.000282499
272 0.000120421
273 0.000120421
274 0.000267913
275 0.000533654
276 0.000228485
277 0.000431988
278 0.000732723
279 0.000314408
280 0.000506389
281 0.000732723
282 0.000314408
283 0.000431988
284 0.000533654
285 0.000228485
286 0.000267913
287 0.000282499
288 0.000120421
289 0.000120421
290 0.000267913
291 0.000533655
292 0.000228485
293 0.000431987
294 0.000732722
295 0.000314408
296 0.00050639
297 0.000732724
298 0.000314407
299 0.000431987
300 0.000533653
301 0.000228486
302 0.000267913
303 0.0002825
304 0.000120421
305 0.000120421
306 0.000267913
307 0.00010824
308 3.90173e-05
309 8.74228e-05
310 0.000175159
311 6.34102e-05
312 0.000120614
313 0.000205572
314 7.45268e-05
315 0.000120613
316 0.000175159
317 6.34102e-05
318 8.74231e-05
319 0.00010824
320 3.90174e-05
321 4.58341e-05
322 4.8359e-05
323 1.73074e-05
324 1.73075e-05
325 4.58341e-05
326 0.00010824
327 3.90173e-05
328 8.74229e-05
329 0.000175158
330 6.34103e-05
331 0.000120614
332 0.000205572
333 7.45266e-05
334 0.000120614
335 0.000175158
336 6.34103e-05
337 8.74229e-05
338 0.00010824
339 3.90173e-05
340 4.58341e-05
341 4.8359e-05
342 1.73075e-05
343 1.73074e-05
344 4.58341e-05
345 0.00010824
346 3.90174e-05
347 8.74231e-05
348 0.000175159
349 6.34102e-05
350 0.000120613
351 0.000205572
352 7.45268e-05
353 0.000120614
354 0.000175159
355 6.34102e-05
356 8.74228e-05
357 0.00010824
358 3.90173e-05
359 4.58341e-05
360 4.83589e-05
361 1.7308e-05
362 1.7308e-05
363 4.58341e-05
364 0.00010824
365 3.90173e-05
366 8.74228e-05
367 0.000175159
368 6.34102e-05
369 0.000120614
370 0.000205572
371 7.45268e-05
372 0.000120613
373 0.000175159
374 6.34102e-05
375 8.74231e-05
376 0.00010824
377 3.90174e-05
378 4.58341e-05
379 4.8359e-05
380 1.73074e-05
381 1.73075e-05
382 4.58341e-05
383 0.00010824
384 3.90173e-05
385 8.74229e-05
386 0.000175158
387 6.34103e-05
388 0.000120614
389 0.000205572
390 7.45266e-05
391 0.000120614
392 0.000175158
393 6.34103e-05
394 8.74229e-05
395 0.00010824
396 3.90173e-05
397 4.58341e-05
398 4.8359e-05
399 1.73075e-05
400 1.73074e-05
401 4.58341e-05
402 0.00010824
403 3.90174e-05
404 8.74231e-05
405 0.000175159
406 6.34102e-05
407 0.000120613
408 0.000205572
409 7.45268e-05
410 0.000120614
411 0.000175159
412 6.34102e-05
413 8.74228e-05
414 0.00010824
415 3.90173e-05
416 4.58341e-05
417 4.83589e-05
418 1.7308e-05
419 1.7308e-05
420 4.58341e-05
421 1.55364e-05
422 4.67528e-06
423 1.25147e-05
424 2.98179e-05
425 9.03987e-06
426 2.04412e-05
427 4.1266e-05
428 1.2556e-05
429 2.4065e-05
430 4.12662e-05
431 1.2556e-05
432 2.04412e-05
433 2.98179e-05
434 9.03962e-06
435 1.25143e-05
436 1.5536e-05
437 4.67542e-06
438 5.50427e-06
439 5.81164e-06
440 1.72963e-06
441 1.72963e-06
442 5.50426e-06
443 1.5536e-05
444 4.67542e-06
445 1.25143e-05
446 2.98179e-05
447 9.03959e-06
448 2.04412e-05
449 4.12661e-05
450 1.2556e-05
451 2.40651e-05
452 4.12661e-05
453 1.2556e-05
454 2.04412e-05
455 2.98179e-05
456 9.03959e-06
457 1.25143e-05
458 1.5536e-05
459 4.67542e-06
460 5.50426e-06
461 5.81164e-06
462 1.72963e-06
463 1.72963e-06
464 5.50427e-06
465 1.5536e-05
466 4.67542e-06
467 1.25143e-05
468 2.98179e-05
469 9.03962e-06
470 2.04412e-05
471 4.12662e-05
472 1.2556e-05
473 2.4065e-05
474 4.1266e-05
475 1.2556e-05
476 2.04412e-05
477 2.98179e-05
478 9.03987e-06
479 1.25147e-05
480 1.55364e-05
481 4.67528e-06
482 5.50409e-06
483 5.81147e-06
484 1.7296e-06
485 1.7296e-06
486 5.50409e-06
487 1.55364e-05
488 4.67528e-06
489 1.25147e-05
490 2.98179e-05
491 9.03987e-06
492 2.04412e-05
493 4.1266e-05
494 1.2556e-05
495 2.4065e-05
496 4.12662e-05
497 1.2556e-05
498 2.04412e-05
499 2.98179e-05
500 9.03962e-06
501 1.25143e-05
502 1.5536e-05
503 4.67542e-06
504 5.50427e-06
505 5.81164e-06
506 1.72963e-06
507 1.72963e-06
508 5.50426e-06
509 1.5536e-05
510 4.67542e-06
511 1.25143e-05
512 2.98179e-05
513 9.03959e-06
514 2.04412e-05
515 4.12661e-05
516 1.2556e-05
517 2.40651e-05
518 4.12661e-05
519 1.2556e-05
520 2.04412e-05
521 2.98179e-05
522 9.03959e-06
523 1.25143e-05
524 1.5536e-05
525 4.67542e-06
526 5.50426e-06
527 5.81164e-06
528 1.72963e-06
529 1.72963e-06
530 5.50427e-06
531 1.5536e-05
532 4.67542e-06
533 1.25143e-05
534 2.98179e-05
535 9.03962e-06
536 2.04412e-05
537 4.12662e-05
538 1.2556e-05
539 2.4065e-05
540 4.1266e-05
541 1.2556e-05
542 2.04412e-05
543 2.98179e-05
544 9.03987e-06
545 1.25147e-05
546 1.55364e-05
547 4.67528e-06
548 5.50409e-06
549 5.81147e-06
550 1.7296e-06
551 1.7296e-06
552 5.50409e-06
553 1.55016e-06
554 3.85087e-07
555 1.24473e-06
556 3.5598e-06
557 8.94817e-07
558 2.42748e-06
559 5.84976e-06
560 1.48069e-06
561 3.3865e-06
562 6.90027e-06
563 1.75082e-06
564 3.3864e-06
565 5.84958e-06
566 1.48073e-06
567 2.42755e-06
568 3.55991e-06
569 8.9483e-07
570 1.24475e-06
571 1.55018e-06
572 3.85088e-07
573 4.5448e-07
574 4.80261e-07
575 1.1732e-07
576 1.1732e-07
577 4.5448e-07
578 1.55018e-06
579 3.85087e-07
580 1.24475e-06
581 3.55991e-06
582 8.94832e-07
583 2.42755e-06
584 5.84959e-06
585 1.48073e-06
586 3.3864e-06
587 6.90028e-06
588 1.75077e-06
589 3.3864e-06
590 5.84959e-06
591 1.48073e-06
592 2.42755e-06
593 3.55991e-06
594 8.94832e-07
595 1.24475e-06
596 1.55018e-06
597 3.85087e-07
598 4.5448e-07
599 4.80261e-07
600 1.1732e-07
601 1.1732e-07
602 4.5448e-07
603 1.55018e-06
604 3.85088e-07
605 1.24475e-06
606 3.55991e-06
607 8.9483e-07
608 2.42755e-06
609 5.84958e-06
610 1.48073e-06
611 3.3864e-06
612 6.90027e-06
613 1.75082e-06
614 3.3865e-06
615 5.84976e-06
616 1.48069e-06
617 2.42748e-06
618 3.5598e-06
619 8.94817e-07
620 1.24473e-06
621 1.55016e-06
622 3.85087e-07
623 4.54481e-07
624 4.8026e-07
625 1.17324e-07
626 1.17324e-07
627 4.54481e-07
628 1.55016e-06
629 3.85087e-07
630 1.24473e-06
631 3.5598e-06
632 8.94817e-07
633 2.42748e-06
634 5.84976e-06
635 1.48069e-06
636 3.3865e-06
637 6.90027e-06
638 1.75082e-06
639 3.3864e-06
640 5.84958e-06
641 1.48073e-06
642 2.42755e-06
643 3.55991e-06
644 8.9483e-07
645 1.24475e-06
646 1.55018e-06
647 3.85088e-07
648 4.5448e-07
649 4.80261e-07
650 1.1732e-07
651 1.1732e-07
652 4.5448e-07
653 1.55018e-06
654 3.85087e-07
655 1.24475e-06
656 3.55991e-06
657 8.94832e-07
658 2.42755e-06
659 5.84959e-06
660 1.48073e-06
661 3.3864e-06
662 6.90028e-06
663 1.75077e-06
664 3.3864e-06
665 5.84959e-06
666 1.48073e-06
667 2.42755e-06
668 3.55991e-06
669 8.94832e-07
670 1.24475e-06
671 1.55018e-06
672 3.85087e-07
673 4.5448e-07
674 4.80261e-07
675 1.1732e-07
676 1.1732e-07
677 4.5448e-07
678 1.55018e-06
679 3.85088e-07
680 1.24475e-06
681 3.55991e-06
682 8.9483e-07
683 2.42755e-06
684 5.84958e-06
685 1.48073e-06
686 3.3864e-06
687 6.90027e-06
688 1.75082e-06
689 3.3865e-06
690 5.84976e-06
691 1.48069e-06
692 2.42748e-06
693 3.5598e-06
694 8.94817e-07
695 1.24473e-06
696 1.55016e-06
697 3.85087e-07
698 4.54481e-07
699 4.8026e-07
700 1.17324e-07
701 1.17324e-07
702 4.54481e-07
703 1.04989e-07
704 2.14466e-08
705 8.41245e-08
706 2.92035e-07
707 6.08008e-08
708 1.98235e-07
709 5.75374e-07
710 1.21288e-07
711 3.30765e-07
712 8.06704e-07
713 1.71104e-07
714 3.9216e-07
715 8.06753e-07
716 1.71102e-07
717 3.3078e-07
718 5.75383e-07
719 1.21292e-07
720 1.98234e-07
721 2.92034e-07
722 6.07988e-08
723 8.41216e-08
724 1.04986e-07
725 2.14473e-08
726 2.51226e-08
727 2.6541e-08
728 5.29005e-09
729 5.29003e-09
730 2.51225e-08
731 1.04985e-07
732 2.14473e-08
733 8.41219e-08
734 2.92034e-07
735 6.07988e-08
736 1.98235e-07
737 5.75383e-07
738 1.21288e-07
739 3.30771e-07
740 8.0673e-07
741 1.71107e-07
742 3.92173e-07
743 8.0673e-07
744 1.71107e-07
745 3.30771e-07
746 5.75383e-07
747 1.21288e-07
748 1.98235e-07
749 2.92034e-07
750 6.07988e-08
751 8.41219e-08
752 1.04985e-07
753 2.14473e-08
754 2.51225e-08
755 2.6541e-08
756 5.29003e-09
757 5.29005e-09
758 2.51226e-08
759 1.04986e-07
760 2.14473e-08
761 8.41216e-08
762 2.92034e-07
763 6.07988e-08
764 1.98234e-07
765 5.75383e-07
766 1.21292e-07
767 3.3078e-07
768 8.06753e-07
769 1.71102e-07
770 3.9216e-07
771 8.06704e-07
772 1.71104e-07
773 3.30765e-07
774 5.75374e-07
775 1.21288e-07
776 1.98235e-07
777 2.92035e-07
778 6.08008e-08
779 8.41245e-08
780 1.04989e-07
781 2.14466e-08
782 2.51216e-08
783 2.65401e-08
784 5.28995e-09
785 5.28995e-09
786 2.51216e-08
787 1.04989e-07
788 2.14466e-08
789 8.41245e-08
790 2.92035e-07
791 6.08008e-08
792 1.98235e-07
793 5.75374e-07
794 1.21288e-07
795 3.30765e-07
796 8.06704e-07
797 1.71104e-07
798 3.9216e-07
799 8.06753e-07
800 1.71102e-07
801 3.3078e-07
802 5.75383e-07
803 1.21292e-07
804 1.98234e-07
805 2.92034e-07
806 6.07988e-08
807 8.41216e-08
808 1.04986e-07
809 2.14473e-08
810 2.51226e-08
811 2.6541e-08
812 5.29005e-09
813 5.29003e-09
814 2.51225e-08
815 1.04985e-07
816 2.14473e-08
817 8.41219e-08
818 2.92034e-07
819 6.07988e-08
820 1.98235e-07
821 5.75383e-07
822 1.21288e-07
823 3.30771e-07
824 8.0673e-07
825 1.71107e-07
826 3.92173e-07
827 8.0673e-07
828 1.71107e-07
829 3.30771e-07
830 5.75383e-07
831 1.21288e-07
832 1.98235e-07
833 2.92034e-07
834 6.07988e-08
835 8.41219e-08
836 1.04985e-07
837 2.14473e-08
838 2.51225e-08
839 2.6541e-08
840 5.29003e-09
841 5.29005e-09
842 2.51226e-08
843 1.04986e-07
844 2.14473e-08
845 8.41216e-08
846 2.92034e-07
847 6.07988e-08
848 1.98234e-07
849 5.75383e-07
850 1.21292e-07
851 3.3078e-07
852 8.06753e-07
853 1.71102e-07
854 3.9216e-07
855 8.06704e-07
856 1.71104e-07
857 3.30765e-07
858 5.75374e-07
859 1.21288e-07
860 1.98235e-07
861 2.92035e-07
862 6.08008e-08
863 8.41245e-08
864 1.04989e-07
865 2.14466e-08
866 2.51216e-08
867 2.65401e-08
868 5.28995e-09
869 5.28995e-09
870 2.51216e-08
871 4.95596e-09
872 1.91784e-09
873 5.78827e-09
874 1.70071e-08
875 6.81111e-09
876 1.67414e-08
877 4.07794e-08
878 1.67348e-08
879 3.38366e-08
880 6.87437e-08
881 2.86283e-08
882 4.80405e-08
883 8.17812e-08
884 3.42241e-08
885 4.80397e-08
886 6.87416e-08
887 2.86273e-08
888 3.38353e-08
889 4.07793e-08
890 1.67351e-08
891 1.6742e-08
892 1.70077e-08
893 6.81126e-09
894 5.78836e-09
895 4.95604e-09
896 1.91783e-09
897 1.3926e-09
898 1.04833e-09
899 3.94235e-10
900 3.94235e-10
901 1.3926e-09
902 4.95605e-09
903 1.91783e-09
904 5.78834e-09
905 1.70077e-08
906 6.8112e-09
907 1.67418e-08
908 4.07783e-08
909 1.67352e-08
910 3.3836e-08
911 6.87436e-08
912 2.86278e-08
913 4.80404e-08
914 8.17824e-08
915 3.42242e-08
916 4.80404e-08
917 6.87436e-08
918 2.86278e-08
919 3.3836e-08
920 4.07783e-08
921 1.67352e-08
922 1.67418e-08
923 1.70077e-08
924 6.8112e-09
925 5.78834e-09
926 4.95605e-09
927 1.91783e-09
928 1.3926e-09
929 1.04833e-09
930 3.94235e-10
931 3.94235e-10
932 1.3926e-09
933 4.95604e-09
934 1.91783e-09
935 5.78836e-09
936 1.70077e-08
937 6.81126e-09
938 1.6742e-08
939 4.07793e-08
940 1.67351e-08
941 3.38353e-08
942 6.87416e-08
943 2.86273e-08
944 4.80397e-08
945 8.17812e-08
946 3.42241e-08
947 4.80405e-08
948 6.87437e-08
949 2.86283e-08
950 3.38366e-08
951 4.07794e-08
952 1.67348e-08
953 1.67414e-08
954 1.70071e-08
955 6.81111e-09
956 5.78827e-09
957 4.95596e-09
958 1.91784e-09
959 1.39261e-09
960 1.04834e-09
961 3.94245e-10
962 3.94245e-10
963 1.39261e-09
964 4.95596e-09
965 1.91784e-09
966 5.78827e-09
967 1.70071e-08
968 6.81111e-09
969 1.67414e-08
970 4.07794e-08
971 1.67348e-08
972 3.38366e-08
973 6.87437e-08
974 2.86283e-08
975 4.80405e-08
976 8.17812e-08
977 3.42241e-08
978 4.80397e-08
979 6.87416e-08
980 2.86273e-08
981 3.38353e-08
982 4.07793e-08
983 1.67351e-08
984 1.6742e-08
985 1.70077e-08
986 6.81126e-09
987 5.78836e-09
988 4.95604e-09
989 1.91783e-09
990 1.3926e-09
991 1.04833e-09
992 3.94235e-10
993 3.94235e-10
994 1.3926e-09
995 4.95605e-09
996 1.91783e-09
997 5.78834e-09
998 1.70077e-08
999 6.8112e-09
1000 1.67418e-08
1001 4.07783e-08
1002 1.67352e-08
1003 3.3836e-08
1004 6.87436e-08
1005 2.86278e-08
1006 4.80404e-08
1007 8.17824e-08
1008 3.42242e-08
1009 4.80404e-08
1010 6.87436e-08
1011 2.86278e-08
1012 3.3836e-08
1013 4.07783e-08
1014 1.67352e-08
1015 1.67418e-08
1016 1.70077e-08
1017 6.8112e-09
1018 5.78834e-09
1019 4.95605e-09
1020 1.91783e-09
1021 1.3926e-09
1022 1.04833e-09
1023 3.94235e-10
1024 3.94235e-10
1025 1.3926e-09
1026 4.95604e-09
1027 1.91783e-09
1028 5.78836e-09
1029 1.70077e-08
1030 6.81126e-09
1031 1.6742e-08
1032 4.07793e-08
1033 1.67351e-08
1034 3.38353e-08
1035 6.87416e-08
1036 2.86273e-08
1037 4.80397e-08
1038 8.17812e-08
1039 3.42241e-08
1040 4.80405e-08
1041 6.87437e-08
1042 2.86283e-08
1043 3.38366e-08
1044 4.07794e-08
1045 1.67348e-08
1046 1.67414e-08
1047 1.70071e-08
1048 6.81111e-09
1049 5.78827e-09
1050 4.95596e-09
1051 1.91784e-09
1052 1.39261e-09
1053 1.04834e-09
1054 3.94245e-10
1055 3.94245e-10
1056 1.39261e-09
