0 0.00149014
1 0.00148367
2 0.00148367
3 0.00148367
4 0.00148367
5 0.00148367
6 0.00148367
7 0.00147088
8 0.00144581
9 0.00144581
10 0.00146454
11 0.00147088
12 0.00144581
13 0.00144581
14 0.00146454
15 0.00147088
16 0.00144581
17 0.00144581
18 0.00146454
19 0.00147088
20 0.00144581
21 0.00144581
22 0.00146454
23 0.00147088
24 0.00144581
25 0.00144581
26 0.00146454
27 0.00147088
28 0.00144581
29 0.00144581
30 0.00146454
31 0.00143353
32 0.00139192
33 0.0014095
34 0.00141544
35 0.00137468
36 0.00137468
37 0.0014095
38 0.00143353
39 0.00139192
40 0.0014095
41 0.00141544
42 0.00137468
43 0.00137468
44 0.0014095
45 0.00143353
46 0.00139192
47 0.0014095
48 0.00141544
49 0.00137468
50 0.00137468
51 0.0014095
52 0.00143353
53 0.00139192
54 0.0014095
55 0.00141544
56 0.00137468
57 0.00137468
58 0.0014095
59 0.00143353
60 0.00139192
61 0.0014095
62 0.00141544
63 0.00137468
64 0.00137468
65 0.0014095
66 0.00143353
67 0.00139192
68 0.0014095
69 0.00141544
70 0.00137468
71 0.00137468
72 0.0014095
73 0.00136344
74 0.0013095
75 0.00134141
76 0.00136344
77 0.0013095
78 0.00132521
79 0.00133052
80 0.00127882
81 0.00127882
82 0.00132521
83 0.00136344
84 0.0013095
85 0.00134141
86 0.00136344
87 0.0013095
88 0.00132521
89 0.00133052
90 0.00127882
91 0.00127882
92 0.00132521
93 0.00136344
94 0.0013095
95 0.00134141
96 0.00136344
97 0.0013095
98 0.00132521
99 0.00133052
100 0.00127882
101 0.00127882
102 0.00132521
103 0.00136344
104 0.0013095
105 0.00134141
106 0.00136344
107 0.0013095
108 0.00132521
109 0.00133052
110 0.00127882
111 0.00127882
112 0.00132521
113 0.00136344
114 0.0013095
115 0.00134141
116 0.00136344
117 0.0013095
118 0.00132521
119 0.00133052
120 0.00127882
121 0.00127882
122 0.00132521
123 0.00136344
124 0.0013095
125 0.00134141
126 0.00136344
127 0.0013095
128 0.00132521
129 0.00133052
130 0.00127882
131 0.00127882
132 0.00132521
133 0.00126904
134 0.00120842
135 0.00124988
136 0.00128405
137 0.00122215
138 0.00124989
139 0.00126904
140 0.00120842
141 0.00122166
142 0.00122613
143 0.00116929
144 0.00116929
145 0.00122166
146 0.00126904
147 0.00120842
148 0.00124988
149 0.00128405
150 0.00122215
151 0.00124988
152 0.00126904
153 0.00120842
154 0.00122166
155 0.00122613
156 0.00116929
157 0.00116929
158 0.00122166
159 0.00126904
160 0.00120842
161 0.00124989
162 0.00128405
163 0.00122215
164 0.00124988
165 0.00126904
166 0.00120842
167 0.00122166
168 0.00122613
169 0.00116929
170 0.00116929
171 0.00122166
172 0.00126904
173 0.00120842
174 0.00124988
175 0.00128405
176 0.00122215
177 0.00124989
178 0.00126904
179 0.00120842
180 0.00122166
181 0.00122613
182 0.00116929
183 0.00116929
184 0.00122166
185 0.00126904
186 0.00120842
187 0.00124988
188 0.00128405
189 0.00122215
190 0.00124988
191 0.00126904
192 0.00120842
193 0.00122166
194 0.00122613
195 0.00116929
196 0.00116929
197 0.00122166
198 0.00126904
199 0.00120842
200 0.00124989
201 0.00128405
202 0.00122215
203 0.00124988
204 0.00126904
205 0.00120842
206 0.00122166
207 0.00122613
208 0.00116929
209 0.00116929
210 0.00122166
211 0.00116135
212 0.0011003
213 0.0011458
214 0.00118698
215 0.00112329
216 0.00115821
217 0.00118698
218 0.00112329
219 0.0011458
220 0.00116135
221 0.0011003
222 0.00111057
223 0.00111404
224 0.00105812
225 0.00105812
226 0.00111057
227 0.00116135
228 0.0011003
229 0.0011458
230 0.00118698
231 0.00112329
232 0.00115821
233 0.00118698
234 0.00112329
235 0.0011458
236 0.00116135
237 0.0011003
238 0.00111057
239 0.00111404
240 0.00105812
241 0.00105812
242 0.00111057
243 0.00116135
244 0.0011003
245 0.0011458
246 0.00118698
247 0.00112329
248 0.00115821
249 0.00118698
250 0.00112329
251 0.0011458
252 0.00116135
253 0.0011003
254 0.00111057
255 0.00111404
256 0.00105812
257 0.00105812
258 0.00111057
259 0.00116135
260 0.0011003
261 0.0011458
262 0.00118698
263 0.00112329
264 0.00115821
265 0.00118698
266 0.00112329
267 0.0011458
268 0.00116135
269 0.0011003
270 0.00111057
271 0.00111404
272 0.00105812
273 0.00105812
274 0.00111057
275 0.00116135
276 0.0011003
277 0.0011458
278 0.00118698
279 0.00112329
280 0.00115821
281 0.00118698
282 0.00112329
283 0.0011458
284 0.00116135
285 0.0011003
286 0.00111057
287 0.00111404
288 0.00105812
289 0.00105812
290 0.00111057
291 0.00116135
292 0.0011003
293 0.0011458
294 0.00118698
295 0.00112329
296 0.00115821
297 0.00118698
298 0.00112329
299 0.0011458
300 0.00116135
301 0.0011003
302 0.00111057
303 0.00111404
304 0.00105812
305 0.00105812
306 0.00111057
307 0.00105231
308 0.000996793
309 0.00104093
310 0.00108367
311 0.00102446
312 0.00106136
313 0.00109475
314 0.0010343
315 0.00106136
316 0.00108367
317 0.00102446
318 0.00104093
319 0.00105231
320 0.000996792
321 0.00100373
322 0.00100608
323 0.000956494
324 0.000956495
325 0.00100373
326 0.00105231
327 0.000996792
328 0.00104093
329 0.00108367
330 0.00102446
331 0.00106136
332 0.00109475
333 0.0010343
334 0.00106136
335 0.00108367
336 0.00102446
337 0.00104093
338 0.00105231
339 0.000996792
340 0.00100373
341 0.00100608
342 0.000956495
343 0.000956494
344 0.00100373
345 0.00105231
346 0.000996792
347 0.00104093
348 0.00108367
349 0.00102446
350 0.00106136
351 0.00109475
352 0.0010343
353 0.00106136
354 0.00108367
355 0.00102446
356 0.00104093
357 0.00105231
358 0.000996793
359 0.00100373
360 0.00100608
361 0.000956496
362 0.000956496
363 0.00100373
364 0.00105231
365 0.000996793
366 0.00104093
367 0.00108367
368 0.00102446
369 0.00106136
370 0.00109475
371 0.0010343
372 0.00106136
373 0.00108367
374 0.00102446
375 0.00104093
376 0.00105231
377 0.000996792
378 0.00100373
379 0.00100608
380 0.000956494
381 0.000956495
382 0.00100373
383 0.00105231
384 0.000996792
385 0.00104093
386 0.00108367
387 0.00102446
388 0.00106136
389 0.00109475
390 0.0010343
391 0.00106136
392 0.00108367
393 0.00102446
394 0.00104093
395 0.00105231
396 0.000996792
397 0.00100373
398 0.00100608
399 0.000956495
400 0.000956494
401 0.00100373
402 0.00105231
403 0.000996792
404 0.00104093
405 0.00108367
406 0.00102446
407 0.00106136
408 0.00109475
409 0.0010343
410 0.00106136
411 0.00108367
412 0.00102446
413 0.00104093
414 0.00105231
415 0.000996793
416 0.00100373
417 0.00100608
418 0.000956496
419 0.000956496
420 0.00100373
421 0.000953015
422 0.000907939
423 0.000946203
424 0.00098556
425 0.000936357
426 0.000970507
427 0.0010036
428 0.000952268
429 0.000979199
430 0.0010036
431 0.000952268
432 0.000970507
433 0.000985559
434 0.000936355
435 0.000946202
436 0.000953013
437 0.000907941
438 0.000911309
439 0.000912449
440 0.0008733
441 0.0008733
442 0.000911309
443 0.000953013
444 0.000907941
445 0.000946202
446 0.000985559
447 0.000936355
448 0.000970507
449 0.0010036
450 0.000952268
451 0.000979199
452 0.0010036
453 0.000952268
454 0.000970507
455 0.000985559
456 0.000936355
457 0.000946202
458 0.000953013
459 0.000907941
460 0.000911309
461 0.000912449
462 0.0008733
463 0.0008733
464 0.000911309
465 0.000953013
466 0.000907941
467 0.000946202
468 0.000985559
469 0.000936355
470 0.000970507
471 0.0010036
472 0.000952268
473 0.000979199
474 0.0010036
475 0.000952268
476 0.000970507
477 0.00098556
478 0.000936357
479 0.000946203
480 0.000953015
481 0.000907939
482 0.000911307
483 0.000912447
484 0.0008733
485 0.0008733
486 0.000911307
487 0.000953015
488 0.000907939
489 0.000946203
490 0.00098556
491 0.000936357
492 0.000970507
493 0.0010036
494 0.000952268
495 0.000979199
496 0.0010036
497 0.000952268
498 0.000970507
499 0.000985559
500 0.000936355
501 0.000946202
502 0.000953013
503 0.000907941
504 0.000911309
505 0.000912449
506 0.0008733
507 0.0008733
508 0.000911309
509 0.000953013
510 0.000907941
511 0.000946202
512 0.000985559
513 0.000936355
514 0.000970507
515 0.0010036
516 0.000952268
517 0.000979199
518 0.0010036
519 0.000952268
520 0.000970507
521 0.000985559
522 0.000936355
523 0.000946202
524 0.000953013
525 0.000907941
526 0.000911309
527 0.000912449
528 0.0008733
529 0.0008733
530 0.000911309
531 0.000953013
532 0.000907941
533 0.000946202
534 0.000985559
535 0.000936355
536 0.000970507
537 0.0010036
538 0.000952268
539 0.000979199
540 0.0010036
541 0.000952268
542 0.000970507
543 0.00098556
544 0.000936357
545 0.000946203
546 0.000953015
547 0.000907939
548 0.000911307
549 0.000912447
550 0.0008733
551 0.0008733
552 0.000911307
553 0.000872268
554 0.000840875
555 0.000870255
556 0.000902495
557 0.000867361
558 0.000895217
559 0.000923898
560 0.000886427
561 0.000909357
562 0.000931602
563 0.000893342
564 0.000909356
565 0.000923897
566 0.000886429
567 0.000895219
568 0.000902497
569 0.000867361
570 0.000870256
571 0.000872268
572 0.000840875
573 0.000840555
574 0.000840448
575 0.000814006
576 0.000814006
577 0.000840555
578 0.000872268
579 0.000840875
580 0.000870255
581 0.000902496
582 0.000867361
583 0.000895218
584 0.000923897
585 0.000886429
586 0.000909356
587 0.000931602
588 0.000893341
589 0.000909356
590 0.000923897
591 0.000886429
592 0.000895218
593 0.000902496
594 0.000867361
595 0.000870255
596 0.000872268
597 0.000840875
598 0.000840555
599 0.000840448
600 0.000814006
601 0.000814006
602 0.000840555
603 0.000872268
604 0.000840875
605 0.000870256
606 0.000902497
607 0.000867361
608 0.000895219
609 0.000923897
610 0.000886429
611 0.000909356
612 0.000931602
613 0.000893342
614 0.000909357
615 0.000923898
616 0.000886427
617 0.000895217
618 0.000902495
619 0.000867361
620 0.000870255
621 0.000872268
622 0.000840875
623 0.000840556
624 0.000840448
625 0.000814007
626 0.000814007
627 0.000840556
628 0.000872268
629 0.000840875
630 0.000870255
631 0.000902495
632 0.000867361
633 0.000895217
634 0.000923898
635 0.000886427
636 0.000909357
637 0.000931602
638 0.000893342
639 0.000909356
640 0.000923897
641 0.000886429
642 0.000895219
643 0.000902497
644 0.000867361
645 0.000870256
646 0.000872268
647 0.000840875
648 0.000840555
649 0.000840448
650 0.000814006
651 0.000814006
652 0.000840555
653 0.000872268
654 0.000840875
655 0.000870255
656 0.000902496
657 0.000867361
658 0.000895218
659 0.000923897
660 0.000886429
661 0.000909356
662 0.000931602
663 0.000893341
664 0.000909356
665 0.000923897
666 0.000886429
667 0.000895218
668 0.000902496
669 0.000867361
670 0.000870255
671 0.000872268
672 0.000840875
673 0.000840555
674 0.000840448
675 0.000814006
676 0.000814006
677 0.000840555
678 0.000872268
679 0.000840875
680 0.000870256
681 0.000902497
682 0.000867361
683 0.000895219
684 0.000923897
685 0.000886429
686 0.000909356
687 0.000931602
688 0.000893342
689 0.000909357
690 0.000923898
691 0.000886427
692 0.000895217
693 0.000902495
694 0.000867361
695 0.000870255
696 0.000872268
697 0.000840875
698 0.000840556
699 0.000840448
700 0.000814007
701 0.000814007
702 0.000840556
703 0.000815472
704 0.000799034
705 0.00081833
706 0.000841407
707 0.000822522
708 0.00084214
709 0.000863732
710 0.000843123
711 0.000859535
712 0.000876512
713 0.000855013
714 0.000865878
715 0.000876513
716 0.000855013
717 0.000859536
718 0.000863733
719 0.000843123
720 0.00084214
721 0.000841407
722 0.000822521
723 0.000818329
724 0.000815472
725 0.000799035
726 0.000794976
727 0.000793619
728 0.00078016
729 0.00078016
730 0.000794976
731 0.000815471
732 0.000799035
733 0.000818329
734 0.000841407
735 0.000822521
736 0.00084214
737 0.000863733
738 0.000843123
739 0.000859535
740 0.000876512
741 0.000855013
742 0.000865878
743 0.000876512
744 0.000855013
745 0.000859535
746 0.000863733
747 0.000843123
748 0.00084214
749 0.000841407
750 0.000822521
751 0.000818329
752 0.000815471
753 0.000799035
754 0.000794976
755 0.000793619
756 0.00078016
757 0.00078016
758 0.000794976
759 0.000815472
760 0.000799035
761 0.000818329
762 0.000841407
763 0.000822521
764 0.00084214
765 0.000863733
766 0.000843123
767 0.000859536
768 0.000876513
769 0.000855013
770 0.000865878
771 0.000876512
772 0.000855013
773 0.000859535
774 0.000863732
775 0.000843123
776 0.00084214
777 0.000841407
778 0.000822522
779 0.00081833
780 0.000815472
781 0.000799034
782 0.000794976
783 0.000793618
784 0.00078016
785 0.00078016
786 0.000794976
787 0.000815472
788 0.000799034
789 0.00081833
790 0.000841407
791 0.000822522
792 0.00084214
793 0.000863732
794 0.000843123
795 0.000859535
796 0.000876512
797 0.000855013
798 0.000865878
799 0.000876513
800 0.000855013
801 0.000859536
802 0.000863733
803 0.000843123
804 0.00084214
805 0.000841407
806 0.000822521
807 0.000818329
808 0.000815472
809 0.000799035
810 0.000794976
811 0.000793619
812 0.00078016
813 0.00078016
814 0.000794976
815 0.000815471
816 0.000799035
817 0.000818329
818 0.000841407
819 0.000822521
820 0.00084214
821 0.000863733
822 0.000843123
823 0.000859535
824 0.000876512
825 0.000855013
826 0.000865878
827 0.000876512
828 0.000855013
829 0.000859535
830 0.000863733
831 0.000843123
832 0.00084214
833 0.000841407
834 0.000822521
835 0.000818329
836 0.000815471
837 0.000799035
838 0.000794976
839 0.000793619
840 0.00078016
841 0.00078016
842 0.000794976
843 0.000815472
844 0.000799035
845 0.000818329
846 0.000841407
847 0.000822521
848 0.00084214
849 0.000863733
850 0.000843123
851 0.000859536
852 0.000876513
853 0.000855013
854 0.000865878
855 0.000876512
856 0.000855013
857 0.000859535
858 0.000863732
859 0.000843123
860 0.00084214
861 0.000841407
862 0.000822522
863 0.00081833
864 0.000815472
865 0.000799034
866 0.000794976
867 0.000793618
868 0.00078016
869 0.00078016
870 0.000794976
871 0.000784044
872 0.000780757
873 0.000792152
874 0.000805432
875 0.000801728
876 0.000814582
877 0.000827728
878 0.000823708
879 0.000834435
880 0.000844174
881 0.000839964
882 0.000845938
883 0.000850194
884 0.000845921
885 0.000845938
886 0.000844173
887 0.000839964
888 0.000834435
889 0.000827728
890 0.000823709
891 0.000814583
892 0.000805433
893 0.000801728
894 0.000792152
895 0.000784044
896 0.000780757
897 0.000774487
898 0.000771252
899 0.000768228
900 0.000768228
901 0.000774487
902 0.000784044
903 0.000780757
904 0.000792152
905 0.000805433
906 0.000801728
907 0.000814583
908 0.000827727
909 0.000823709
910 0.000834435
911 0.000844173
912 0.000839964
913 0.000845938
914 0.000850194
915 0.000845921
916 0.000845938
917 0.000844173
918 0.000839964
919 0.000834435
920 0.000827727
921 0.000823709
922 0.000814583
923 0.000805433
924 0.000801728
925 0.000792152
926 0.000784044
927 0.000780757
928 0.000774487
929 0.000771252
930 0.000768228
931 0.000768228
932 0.000774487
933 0.000784044
934 0.000780757
935 0.000792152
936 0.000805433
937 0.000801728
938 0.000814583
939 0.000827728
940 0.000823709
941 0.000834435
942 0.000844173
943 0.000839964
944 0.000845938
945 0.000850194
946 0.000845921
947 0.000845938
948 0.000844174
949 0.000839964
950 0.000834435
951 0.000827728
952 0.000823708
953 0.000814582
954 0.000805432
955 0.000801728
956 0.000792152
957 0.000784044
958 0.000780757
959 0.000774487
960 0.000771252
961 0.000768228
962 0.000768228
963 0.000774487
964 0.000784044
965 0.000780757
966 0.000792152
967 0.000805432
968 0.000801728
969 0.000814582
970 0.000827728
971 0.000823708
972 0.000834435
973 0.000844174
974 0.000839964
975 0.000845938
976 0.000850194
977 0.000845921
978 0.000845938
979 0.000844173
980 0.000839964
981 0.000834435
982 0.000827728
983 0.000823709
984 0.000814583
985 0.000805433
986 0.000801728
987 0.000792152
988 0.000784044
989 0.000780757
990 0.000774487
991 0.000771252
992 0.000768228
993 0.000768228
994 0.000774487
995 0.000784044
996 0.000780757
997 0.000792152
998 0.000805433
999 0.000801728
1000 0.000814583
1001 0.000827727
1002 0.000823709
1003 0.000834435
1004 0.000844173
1005 0.000839964
1006 0.000845938
1007 0.000850194
1008 0.000845921
1009 0.000845938
1010 0.000844173
1011 0.000839964
1012 0.000834435
1013 0.000827727
1014 0.000823709
1015 0.000814583
1016 0.000805433
1017 0.000801728
1018 0.000792152
1019 0.000784044
1020 0.000780757
1021 0.000774487
1022 0.000771252
1023 0.000768228
1024 0.000768228
1025 0.000774487
1026 0.000784044
1027 0.000780757
1028 0.000792152
1029 0.000805433
1030 0.000801728
1031 0.000814583
1032 0.000827728
1033 0.000823709
1034 0.000834435
1035 0.000844173
1036 0.000839964
1037 0.000845938
1038 0.000850194
1039 0.000845921
1040 0.000845938
1041 0.000844174
1042 0.000839964
1043 0.000834435
1044 0.000827728
1045 0.000823708
1046 0.000814582
1047 0.000805432
1048 0.000801728
1049 0.000792152
1050 0.000784044
1051 0.000780757
1052 0.000774487
1053 0.000771252
1054 0.000768228
1055 0.000768228
1056 0.000774487
