0 0.00432097
1 0.00425391
2 0.00425391
3 0.00425391
4 0.00425391
5 0.00425391
6 0.00425391
7 0.00412289
8 0.00387281
9 0.00387281
10 0.0040589
11 0.00412289
12 0.00387281
13 0.00387281
14 0.0040589
15 0.00412289
16 0.00387281
17 0.00387281
18 0.0040589
19 0.00412289
20 0.00387281
21 0.00387281
22 0.0040589
23 0.00412289
24 0.00387281
25 0.00387281
26 0.0040589
27 0.00412289
28 0.00387281
29 0.00387281
30 0.0040589
31 0.0037535
32 0.0033641
33 0.00352579
34 0.00358139
35 0.00320981
36 0.00320981
37 0.00352579
38 0.00375351
39 0.0033641
40 0.00352579
41 0.00358139
42 0.00320981
43 0.00320981
44 0.00352579
45 0.0037535
46 0.0033641
47 0.00352579
48 0.00358139
49 0.00320981
50 0.00320981
51 0.00352579
52 0.0037535
53 0.0033641
54 0.00352579
55 0.00358139
56 0.00320981
57 0.00320981
58 0.00352579
59 0.00375351
60 0.0033641
61 0.00352579
62 0.00358139
63 0.00320981
64 0.00320981
65 0.00352579
66 0.0037535
67 0.0033641
68 0.00352579
69 0.00358139
70 0.00320981
71 0.00320981
72 0.00352579
73 0.0031109
74 0.00266017
75 0.00292212
76 0.0031109
77 0.00266017
78 0.00278807
79 0.00283205
80 0.00242166
81 0.00242166
82 0.00278807
83 0.0031109
84 0.00266017
85 0.00292212
86 0.0031109
87 0.00266017
88 0.00278807
89 0.00283205
90 0.00242166
91 0.00242166
92 0.00278807
93 0.0031109
94 0.00266017
95 0.00292212
96 0.0031109
97 0.00266017
98 0.00278807
99 0.00283205
100 0.00242166
101 0.00242166
102 0.00278807
103 0.0031109
104 0.00266017
105 0.00292212
106 0.0031109
107 0.00266017
108 0.00278807
109 0.00283205
110 0.00242166
111 0.00242166
112 0.00278807
113 0.0031109
114 0.00266017
115 0.00292212
116 0.0031109
117 0.00266017
118 0.00278807
119 0.00283205
120 0.00242166
121 0.00242166
122 0.00278807
123 0.0031109
124 0.00266017
125 0.00292212
126 0.0031109
127 0.00266017
128 0.00278807
129 0.00283205
130 0.00242166
131 0.00242166
132 0.00278807
133 0.00234702
134 0.0019148
135 0.00220456
136 0.0024599
137 0.00200692
138 0.00220456
139 0.00234702
140 0.0019148
141 0.00200685
142 0.0020385
143 0.00166305
144 0.00166305
145 0.00200685
146 0.00234702
147 0.0019148
148 0.00220456
149 0.0024599
150 0.00200692
151 0.00220456
152 0.00234702
153 0.0019148
154 0.00200685
155 0.0020385
156 0.00166305
157 0.00166305
158 0.00200685
159 0.00234702
160 0.0019148
161 0.00220456
162 0.0024599
163 0.00200692
164 0.00220456
165 0.00234702
166 0.0019148
167 0.00200685
168 0.0020385
169 0.00166305
170 0.00166305
171 0.00200685
172 0.00234702
173 0.0019148
174 0.00220456
175 0.0024599
176 0.00200692
177 0.00220456
178 0.00234702
179 0.0019148
180 0.00200685
181 0.0020385
182 0.00166305
183 0.00166305
184 0.00200685
185 0.00234702
186 0.0019148
187 0.00220456
188 0.0024599
189 0.00200692
190 0.00220456
191 0.00234702
192 0.0019148
193 0.00200685
194 0.0020385
195 0.00166305
196 0.00166305
197 0.00200685
198 0.00234702
199 0.0019148
200 0.00220456
201 0.0024599
202 0.00200692
203 0.00220456
204 0.00234702
205 0.0019148
206 0.00200685
207 0.0020385
208 0.00166305
209 0.00166305
210 0.00200685
211 0.00161183
212 0.00125486
213 0.00151411
214 0.00177068
215 0.00137856
216 0.00158698
217 0.00177068
218 0.00137856
219 0.00151411
220 0.00161183
221 0.00125486
222 0.00131501
223 0.00133569
224 0.00103991
225 0.00103991
226 0.00131501
227 0.00161183
228 0.00125486
229 0.00151411
230 0.00177068
231 0.00137856
232 0.00158698
233 0.00177068
234 0.00137856
235 0.00151411
236 0.00161183
237 0.00125486
238 0.00131501
239 0.00133569
240 0.00103991
241 0.00103991
242 0.00131501
243 0.00161183
244 0.00125486
245 0.00151411
246 0.00177068
247 0.00137856
248 0.00158698
249 0.00177068
250 0.00137856
251 0.00151411
252 0.00161183
253 0.00125486
254 0.00131501
255 0.0013357
256 0.00103991
257 0.00103991
258 0.00131501
259 0.00161183
260 0.00125486
261 0.00151411
262 0.00177068
263 0.00137856
264 0.00158698
265 0.00177068
266 0.00137856
267 0.00151411
268 0.00161183
269 0.00125486
270 0.00131501
271 0.00133569
272 0.00103991
273 0.00103991
274 0.00131501
275 0.00161183
276 0.00125486
277 0.00151411
278 0.00177068
279 0.00137856
280 0.00158698
281 0.00177068
282 0.00137856
283 0.00151411
284 0.00161183
285 0.00125486
286 0.00131501
287 0.00133569
288 0.00103991
289 0.00103991
290 0.00131501
291 0.00161183
292 0.00125486
293 0.00151411
294 0.00177068
295 0.00137856
296 0.00158698
297 0.00177068
298 0.00137856
299 0.00151411
300 0.00161183
301 0.00125486
302 0.00131501
303 0.0013357
304 0.00103991
305 0.00103991
306 0.00131501
307 0.00100809
308 0.000749832
309 0.000947408
310 0.00116073
311 0.000863332
312 0.00104081
313 0.0012166
314 0.000904903
315 0.00104081
316 0.00116072
317 0.000863332
318 0.000947408
319 0.00100809
320 0.000749832
321 0.000785202
322 0.00079738
323 0.00059336
324 0.00059336
325 0.000785202
326 0.00100809
327 0.000749831
328 0.000947408
329 0.00116072
330 0.000863332
331 0.00104081
332 0.0012166
333 0.000904903
334 0.00104081
335 0.00116072
336 0.000863332
337 0.000947408
338 0.00100809
339 0.000749831
340 0.000785202
341 0.00079738
342 0.00059336
343 0.00059336
344 0.000785202
345 0.00100809
346 0.000749832
347 0.000947408
348 0.00116072
349 0.000863332
350 0.00104081
351 0.0012166
352 0.000904903
353 0.00104081
354 0.00116073
355 0.000863332
356 0.000947408
357 0.00100809
358 0.000749832
359 0.000785204
360 0.000797381
361 0.000593367
362 0.000593367
363 0.000785204
364 0.00100809
365 0.000749832
366 0.000947408
367 0.00116073
368 0.000863332
369 0.00104081
370 0.0012166
371 0.000904903
372 0.00104081
373 0.00116072
374 0.000863332
375 0.000947408
376 0.00100809
377 0.000749832
378 0.000785202
379 0.00079738
380 0.00059336
381 0.00059336
382 0.000785202
383 0.00100809
384 0.000749831
385 0.000947408
386 0.00116072
387 0.000863332
388 0.00104081
389 0.0012166
390 0.000904903
391 0.00104081
392 0.00116072
393 0.000863332
394 0.000947408
395 0.00100809
396 0.000749831
397 0.000785202
398 0.00079738
399 0.00059336
400 0.00059336
401 0.000785202
402 0.00100809
403 0.000749832
404 0.000947408
405 0.00116072
406 0.000863332
407 0.00104081
408 0.0012166
409 0.000904903
410 0.00104081
411 0.00116073
412 0.000863332
413 0.000947408
414 0.00100809
415 0.000749832
416 0.000785204
417 0.000797381
418 0.000593367
419 0.000593367
420 0.000785204
421 0.000575785
422 0.000411517
423 0.000542344
424 0.00069457
425 0.000496226
426 0.000624368
427 0.000763041
428 0.000545117
429 0.00065443
430 0.000763041
431 0.000545116
432 0.000624367
433 0.000694568
434 0.000496221
435 0.000542337
436 0.000575779
437 0.000411522
438 0.000429497
439 0.000435708
440 0.00031213
441 0.00031213
442 0.000429497
443 0.000575778
444 0.000411522
445 0.000542337
446 0.000694568
447 0.00049622
448 0.000624367
449 0.000763041
450 0.000545116
451 0.00065443
452 0.000763041
453 0.000545116
454 0.000624367
455 0.000694568
456 0.00049622
457 0.000542337
458 0.000575778
459 0.000411522
460 0.000429497
461 0.000435708
462 0.00031213
463 0.00031213
464 0.000429497
465 0.000575779
466 0.000411522
467 0.000542337
468 0.000694568
469 0.000496221
470 0.000624367
471 0.000763041
472 0.000545116
473 0.00065443
474 0.000763041
475 0.000545117
476 0.000624368
477 0.00069457
478 0.000496226
479 0.000542344
480 0.000575785
481 0.000411517
482 0.000429491
483 0.000435703
484 0.000312128
485 0.000312128
486 0.000429491
487 0.000575785
488 0.000411517
489 0.000542344
490 0.00069457
491 0.000496226
492 0.000624368
493 0.000763041
494 0.000545117
495 0.00065443
496 0.000763041
497 0.000545116
498 0.000624367
499 0.000694568
500 0.000496221
501 0.000542337
502 0.000575779
503 0.000411522
504 0.000429497
505 0.000435708
506 0.00031213
507 0.00031213
508 0.000429497
509 0.000575778
510 0.000411522
511 0.000542337
512 0.000694568
513 0.00049622
514 0.000624367
515 0.000763041
516 0.000545116
517 0.00065443
518 0.000763041
519 0.000545116
520 0.000624367
521 0.000694568
522 0.00049622
523 0.000542337
524 0.000575778
525 0.000411522
526 0.000429497
527 0.000435708
528 0.00031213
529 0.00031213
530 0.000429497
531 0.000575779
532 0.000411522
533 0.000542337
534 0.000694568
535 0.000496221
536 0.000624367
537 0.000763041
538 0.000545116
539 0.00065443
540 0.000763041
541 0.000545117
542 0.000624368
543 0.00069457
544 0.000496226
545 0.000542344
546 0.000575785
547 0.000411517
548 0.000429491
549 0.000435703
550 0.000312128
551 0.000312128
552 0.000429491
553 0.000304227
554 0.000214103
555 0.000289406
556 0.000383658
557 0.000269466
558 0.000348727
559 0.000441607
560 0.000310049
561 0.000383061
562 0.000462859
563 0.000324968
564 0.000383057
565 0.000441602
566 0.000310053
567 0.000348731
568 0.000383663
569 0.000269468
570 0.000289408
571 0.000304229
572 0.000214103
573 0.000220306
574 0.000222503
575 0.000158074
576 0.000158074
577 0.000220306
578 0.000304229
579 0.000214103
580 0.000289407
581 0.000383663
582 0.000269468
583 0.000348731
584 0.000441602
585 0.000310053
586 0.000383057
587 0.000462858
588 0.000324964
589 0.000383057
590 0.000441602
591 0.000310053
592 0.000348731
593 0.000383663
594 0.000269468
595 0.000289407
596 0.000304229
597 0.000214103
598 0.000220306
599 0.000222503
600 0.000158074
601 0.000158074
602 0.000220306
603 0.000304229
604 0.000214103
605 0.000289408
606 0.000383663
607 0.000269468
608 0.000348731
609 0.000441602
610 0.000310053
611 0.000383057
612 0.000462859
613 0.000324968
614 0.000383061
615 0.000441607
616 0.000310049
617 0.000348727
618 0.000383658
619 0.000269466
620 0.000289406
621 0.000304227
622 0.000214103
623 0.000220307
624 0.000222503
625 0.000158076
626 0.000158076
627 0.000220307
628 0.000304227
629 0.000214103
630 0.000289406
631 0.000383658
632 0.000269466
633 0.000348727
634 0.000441607
635 0.000310049
636 0.000383061
637 0.000462859
638 0.000324968
639 0.000383057
640 0.000441602
641 0.000310053
642 0.000348731
643 0.000383663
644 0.000269468
645 0.000289408
646 0.000304229
647 0.000214103
648 0.000220306
649 0.000222503
650 0.000158074
651 0.000158074
652 0.000220306
653 0.000304229
654 0.000214103
655 0.000289407
656 0.000383663
657 0.000269468
658 0.000348731
659 0.000441602
660 0.000310053
661 0.000383057
662 0.000462858
663 0.000324964
664 0.000383057
665 0.000441602
666 0.000310053
667 0.000348731
668 0.000383663
669 0.000269468
670 0.000289407
671 0.000304229
672 0.000214103
673 0.000220306
674 0.000222503
675 0.000158074
676 0.000158074
677 0.000220306
678 0.000304229
679 0.000214103
680 0.000289408
681 0.000383663
682 0.000269468
683 0.000348731
684 0.000441602
685 0.000310053
686 0.000383057
687 0.000462859
688 0.000324968
689 0.000383061
690 0.000441607
691 0.000310049
692 0.000348727
693 0.000383658
694 0.000269466
695 0.000289406
696 0.000304227
697 0.000214103
698 0.000220307
699 0.000222503
700 0.000158076
701 0.000158076
702 0.000220307
703 0.000156869
704 0.000118473
705 0.000155059
706 0.000205008
707 0.000153926
708 0.000194638
709 0.000246774
710 0.000185055
711 0.000223841
712 0.000271019
713 0.000203193
714 0.000234591
715 0.000271024
716 0.000203193
717 0.000223844
718 0.000246776
719 0.000185056
720 0.000194638
721 0.000205008
722 0.000153925
723 0.000155057
724 0.000156867
725 0.000118474
726 0.000115866
727 0.000115125
728 8.90579e-05
729 8.90578e-05
730 0.000115866
731 0.000156867
732 0.000118474
733 0.000155057
734 0.000205008
735 0.000153924
736 0.000194638
737 0.000246775
738 0.000185055
739 0.000223842
740 0.000271022
741 0.000203194
742 0.000234593
743 0.000271022
744 0.000203194
745 0.000223842
746 0.000246775
747 0.000185055
748 0.000194638
749 0.000205008
750 0.000153924
751 0.000155057
752 0.000156867
753 0.000118474
754 0.000115866
755 0.000115125
756 8.90578e-05
757 8.90579e-05
758 0.000115866
759 0.000156867
760 0.000118474
761 0.000155057
762 0.000205008
763 0.000153925
764 0.000194638
765 0.000246776
766 0.000185056
767 0.000223844
768 0.000271024
769 0.000203193
770 0.000234591
771 0.000271019
772 0.000203193
773 0.000223841
774 0.000246774
775 0.000185055
776 0.000194638
777 0.000205008
778 0.000153926
779 0.000155059
780 0.000156869
781 0.000118473
782 0.000115865
783 0.000115124
784 8.90575e-05
785 8.90575e-05
786 0.000115865
787 0.000156869
788 0.000118473
789 0.000155059
790 0.000205008
791 0.000153926
792 0.000194638
793 0.000246774
794 0.000185055
795 0.000223841
796 0.000271019
797 0.000203193
798 0.000234591
799 0.000271024
800 0.000203193
801 0.000223844
802 0.000246776
803 0.000185056
804 0.000194638
805 0.000205008
806 0.000153925
807 0.000155057
808 0.000156867
809 0.000118474
810 0.000115866
811 0.000115125
812 8.90579e-05
813 8.90578e-05
814 0.000115866
815 0.000156867
816 0.000118474
817 0.000155057
818 0.000205008
819 0.000153924
820 0.000194638
821 0.000246775
822 0.000185055
823 0.000223842
824 0.000271022
825 0.000203194
826 0.000234593
827 0.000271022
828 0.000203194
829 0.000223842
830 0.000246775
831 0.000185055
832 0.000194638
833 0.000205008
834 0.000153924
835 0.000155057
836 0.000156867
837 0.000118474
838 0.000115866
839 0.000115125
840 8.90578e-05
841 8.90579e-05
842 0.000115866
843 0.000156867
844 0.000118474
845 0.000155057
846 0.000205008
847 0.000153925
848 0.000194638
849 0.000246776
850 0.000185056
851 0.000223844
852 0.000271024
853 0.000203193
854 0.000234591
855 0.000271019
856 0.000203193
857 0.000223841
858 0.000246774
859 0.000185055
860 0.000194638
861 0.000205008
862 0.000153926
863 0.000155059
864 0.000156869
865 0.000118473
866 0.000115865
867 0.000115124
868 8.90575e-05
869 8.90575e-05
870 0.000115865
871 9.31938e-05
872 8.67301e-05
873 0.000103123
874 0.000123389
875 0.00011461
876 0.000133452
877 0.00015451
878 0.000143535
879 0.000160286
880 0.000177611
881 0.000165059
882 0.000175957
883 0.00018613
884 0.000173002
885 0.000175956
886 0.00017761
887 0.000165058
888 0.000160286
889 0.00015451
890 0.000143536
891 0.000133452
892 0.00012339
893 0.000114611
894 0.000103123
895 9.31941e-05
896 8.673e-05
897 7.85981e-05
898 7.41409e-05
899 6.93406e-05
900 6.93406e-05
901 7.8598e-05
902 9.31941e-05
903 8.673e-05
904 0.000103123
905 0.000123389
906 0.000114611
907 0.000133452
908 0.000154509
909 0.000143536
910 0.000160286
911 0.000177611
912 0.000165058
913 0.000175957
914 0.000186131
915 0.000173002
916 0.000175957
917 0.000177611
918 0.000165058
919 0.000160286
920 0.000154509
921 0.000143536
922 0.000133452
923 0.000123389
924 0.000114611
925 0.000103123
926 9.31941e-05
927 8.673e-05
928 7.8598e-05
929 7.41409e-05
930 6.93406e-05
931 6.93406e-05
932 7.85981e-05
933 9.31941e-05
934 8.673e-05
935 0.000103123
936 0.00012339
937 0.000114611
938 0.000133452
939 0.00015451
940 0.000143536
941 0.000160286
942 0.00017761
943 0.000165058
944 0.000175956
945 0.00018613
946 0.000173002
947 0.000175957
948 0.000177611
949 0.000165059
950 0.000160286
951 0.00015451
952 0.000143535
953 0.000133452
954 0.000123389
955 0.00011461
956 0.000103123
957 9.31938e-05
958 8.67301e-05
959 7.85981e-05
960 7.4141e-05
961 6.93408e-05
962 6.93408e-05
963 7.85981e-05
964 9.31938e-05
965 8.67301e-05
966 0.000103123
967 0.000123389
968 0.00011461
969 0.000133452
970 0.00015451
971 0.000143535
972 0.000160286
973 0.000177611
974 0.000165059
975 0.000175957
976 0.00018613
977 0.000173002
978 0.000175956
979 0.00017761
980 0.000165058
981 0.000160286
982 0.00015451
983 0.000143536
984 0.000133452
985 0.00012339
986 0.000114611
987 0.000103123
988 9.31941e-05
989 8.673e-05
990 7.85981e-05
991 7.41409e-05
992 6.93406e-05
993 6.93406e-05
994 7.8598e-05
995 9.31941e-05
996 8.673e-05
997 0.000103123
998 0.000123389
999 0.000114611
1000 0.000133452
1001 0.000154509
1002 0.000143536
1003 0.000160286
1004 0.000177611
1005 0.000165058
1006 0.000175957
1007 0.000186131
1008 0.000173002
1009 0.000175957
1010 0.000177611
1011 0.000165058
1012 0.000160286
1013 0.000154509
1014 0.000143536
1015 0.000133452
1016 0.000123389
1017 0.000114611
1018 0.000103123
1019 9.31941e-05
1020 8.673e-05
1021 7.8598e-05
1022 7.41409e-05
1023 6.93406e-05
1024 6.93406e-05
1025 7.85981e-05
1026 9.31941e-05
1027 8.673e-05
1028 0.000103123
1029 0.00012339
1030 0.000114611
1031 0.000133452
1032 0.00015451
1033 0.000143536
1034 0.000160286
1035 0.00017761
1036 0.000165058
1037 0.000175956
1038 0.00018613
1039 0.000173002
1040 0.000175957
1041 0.000177611
1042 0.000165059
1043 0.000160286
1044 0.00015451
1045 0.000143535
1046 0.000133452
1047 0.000123389
1048 0.00011461
1049 0.000103123
1050 9.31938e-05
1051 8.67301e-05
1052 7.85981e-05
1053 7.4141e-05
1054 6.93408e-05
1055 6.93408e-05
1056 7.85981e-05
