0 0.00100835
1 0.00100834
2 0.00100834
3 0.00100834
4 0.00100834
5 0.00100834
6 0.00100834
7 0.0010083
8 0.00100824
9 0.00100824
10 0.00100829
11 0.0010083
12 0.00100824
13 0.00100824
14 0.00100829
15 0.0010083
16 0.00100824
17 0.00100824
18 0.00100829
19 0.0010083
20 0.00100824
21 0.00100824
22 0.00100829
23 0.0010083
24 0.00100824
25 0.00100824
26 0.00100829
27 0.0010083
28 0.00100824
29 0.00100824
30 0.00100829
31 0.0010082
32 0.00100809
33 0.00100814
34 0.00100815
35 0.00100805
36 0.00100805
37 0.00100814
38 0.0010082
39 0.00100809
40 0.00100814
41 0.00100815
42 0.00100805
43 0.00100805
44 0.00100814
45 0.0010082
46 0.00100809
47 0.00100814
48 0.00100815
49 0.00100805
50 0.00100805
51 0.00100814
52 0.0010082
53 0.00100809
54 0.00100814
55 0.00100815
56 0.00100805
57 0.00100805
58 0.00100814
59 0.0010082
60 0.00100809
61 0.00100814
62 0.00100815
63 0.00100805
64 0.00100805
65 0.00100814
66 0.0010082
67 0.00100809
68 0.00100814
69 0.00100815
70 0.00100805
71 0.00100805
72 0.00100814
73 0.00100802
74 0.00100787
75 0.00100796
76 0.00100802
77 0.00100787
78 0.00100791
79 0.00100793
80 0.00100779
81 0.00100779
82 0.00100791
83 0.00100802
84 0.00100787
85 0.00100796
86 0.00100802
87 0.00100787
88 0.00100791
89 0.00100793
90 0.00100779
91 0.00100779
92 0.00100791
93 0.00100802
94 0.00100787
95 0.00100796
96 0.00100802
97 0.00100787
98 0.00100791
99 0.00100793
100 0.00100779
101 0.00100779
102 0.00100791
103 0.00100802
104 0.00100787
105 0.00100796
106 0.00100802
107 0.00100787
108 0.00100791
109 0.00100793
110 0.00100779
111 0.00100779
112 0.00100791
113 0.00100802
114 0.00100787
115 0.00100796
116 0.00100802
117 0.00100787
118 0.00100791
119 0.00100793
120 0.00100779
121 0.00100779
122 0.00100791
123 0.00100802
124 0.00100787
125 0.00100796
126 0.00100802
127 0.00100787
128 0.00100791
129 0.00100793
130 0.00100779
131 0.00100779
132 0.00100791
133 0.00100776
134 0.0010076
135 0.00100771
136 0.0010078
137 0.00100764
138 0.00100771
139 0.00100776
140 0.0010076
141 0.00100763
142 0.00100765
143 0.00100749
144 0.00100749
145 0.00100763
146 0.00100776
147 0.0010076
148 0.00100771
149 0.0010078
150 0.00100764
151 0.00100771
152 0.00100776
153 0.0010076
154 0.00100763
155 0.00100765
156 0.00100749
157 0.00100749
158 0.00100763
159 0.00100776
160 0.0010076
161 0.00100771
162 0.0010078
163 0.00100764
164 0.00100771
165 0.00100776
166 0.0010076
167 0.00100763
168 0.00100765
169 0.00100749
170 0.00100749
171 0.00100763
172 0.00100776
173 0.0010076
174 0.00100771
175 0.0010078
176 0.00100764
177 0.00100771
178 0.00100776
179 0.0010076
180 0.00100763
181 0.00100765
182 0.00100749
183 0.00100749
184 0.00100763
185 0.00100776
186 0.0010076
187 0.00100771
188 0.0010078
189 0.00100764
190 0.00100771
191 0.00100776
192 0.0010076
193 0.00100763
194 0.00100765
195 0.00100749
196 0.00100749
197 0.00100763
198 0.00100776
199 0.0010076
200 0.00100771
201 0.0010078
202 0.00100764
203 0.00100771
204 0.00100776
205 0.0010076
206 0.00100763
207 0.00100765
208 0.00100749
209 0.00100749
210 0.00100763
211 0.00100747
212 0.00100731
213 0.00100743
214 0.00100754
215 0.00100737
216 0.00100746
217 0.00100754
218 0.00100737
219 0.00100743
220 0.00100747
221 0.00100731
222 0.00100733
223 0.00100734
224 0.00100719
225 0.00100719
226 0.00100733
227 0.00100747
228 0.00100731
229 0.00100743
230 0.00100754
231 0.00100737
232 0.00100746
233 0.00100754
234 0.00100737
235 0.00100743
236 0.00100747
237 0.00100731
238 0.00100733
239 0.00100734
240 0.00100719
241 0.00100719
242 0.00100733
243 0.00100747
244 0.00100731
245 0.00100743
246 0.00100754
247 0.00100737
248 0.00100746
249 0.00100754
250 0.00100737
251 0.00100743
252 0.00100747
253 0.00100731
254 0.00100733
255 0.00100734
256 0.00100719
257 0.00100719
258 0.00100733
259 0.00100747
260 0.00100731
261 0.00100743
262 0.00100754
263 0.00100737
264 0.00100746
265 0.00100754
266 0.00100737
267 0.00100743
268 0.00100747
269 0.00100731
270 0.00100733
271 0.00100734
272 0.00100719
273 0.00100719
274 0.00100733
275 0.00100747
276 0.00100731
277 0.00100743
278 0.00100754
279 0.00100737
280 0.00100746
281 0.00100754
282 0.00100737
283 0.00100743
284 0.00100747
285 0.00100731
286 0.00100733
287 0.00100734
288 0.00100719
289 0.00100719
290 0.00100733
291 0.00100747
292 0.00100731
293 0.00100743
294 0.00100754
295 0.00100737
296 0.00100746
297 0.00100754
298 0.00100737
299 0.00100743
300 0.00100747
301 0.00100731
302 0.00100733
303 0.00100734
304 0.00100719
305 0.00100719
306 0.00100733
307 0.00100718
308 0.00100702
309 0.00100714
310 0.00100726
311 0.0010071
312 0.0010072
313 0.00100729
314 0.00100713
315 0.0010072
316 0.00100726
317 0.0010071
318 0.00100714
319 0.00100718
320 0.00100702
321 0.00100704
322 0.00100705
323 0.00100691
324 0.00100691
325 0.00100704
326 0.00100718
327 0.00100702
328 0.00100714
329 0.00100726
330 0.0010071
331 0.0010072
332 0.00100729
333 0.00100713
334 0.0010072
335 0.00100726
336 0.0010071
337 0.00100714
338 0.00100718
339 0.00100702
340 0.00100704
341 0.00100705
342 0.00100691
343 0.00100691
344 0.00100704
345 0.00100718
346 0.00100702
347 0.00100714
348 0.00100726
349 0.0010071
350 0.0010072
351 0.00100729
352 0.00100713
353 0.0010072
354 0.00100726
355 0.0010071
356 0.00100714
357 0.00100718
358 0.00100702
359 0.00100704
360 0.00100705
361 0.00100691
362 0.00100691
363 0.00100704
364 0.00100718
365 0.00100702
366 0.00100714
367 0.00100726
368 0.0010071
369 0.0010072
370 0.00100729
371 0.00100713
372 0.0010072
373 0.00100726
374 0.0010071
375 0.00100714
376 0.00100718
377 0.00100702
378 0.00100704
379 0.00100705
380 0.00100691
381 0.00100691
382 0.00100704
383 0.00100718
384 0.00100702
385 0.00100714
386 0.00100726
387 0.0010071
388 0.0010072
389 0.00100729
390 0.00100713
391 0.0010072
392 0.00100726
393 0.0010071
394 0.00100714
395 0.00100718
396 0.00100702
397 0.00100704
398 0.00100705
399 0.00100691
400 0.00100691
401 0.00100704
402 0.00100718
403 0.00100702
404 0.00100714
405 0.00100726
406 0.0010071
407 0.0010072
408 0.00100729
409 0.00100713
410 0.0010072
411 0.00100726
412 0.0010071
413 0.00100714
414 0.00100718
415 0.00100702
416 0.00100704
417 0.00100705
418 0.00100691
419 0.00100691
420 0.00100704
421 0.0010069
422 0.00100678
423 0.00100689
424 0.00100699
425 0.00100686
426 0.00100695
427 0.00100704
428 0.0010069
429 0.00100698
430 0.00100704
431 0.0010069
432 0.00100695
433 0.00100699
434 0.00100686
435 0.00100689
436 0.0010069
437 0.00100678
438 0.00100679
439 0.00100679
440 0.00100668
441 0.00100668
442 0.00100679
443 0.0010069
444 0.00100678
445 0.00100689
446 0.00100699
447 0.00100686
448 0.00100695
449 0.00100704
450 0.0010069
451 0.00100698
452 0.00100704
453 0.0010069
454 0.00100695
455 0.00100699
456 0.00100686
457 0.00100689
458 0.0010069
459 0.00100678
460 0.00100679
461 0.00100679
462 0.00100668
463 0.00100668
464 0.00100679
465 0.0010069
466 0.00100678
467 0.00100689
468 0.00100699
469 0.00100686
470 0.00100695
471 0.00100704
472 0.0010069
473 0.00100698
474 0.00100704
475 0.0010069
476 0.00100695
477 0.00100699
478 0.00100686
479 0.00100689
480 0.0010069
481 0.00100678
482 0.00100679
483 0.00100679
484 0.00100668
485 0.00100668
486 0.00100679
487 0.0010069
488 0.00100678
489 0.00100689
490 0.00100699
491 0.00100686
492 0.00100695
493 0.00100704
494 0.0010069
495 0.00100698
496 0.00100704
497 0.0010069
498 0.00100695
499 0.00100699
500 0.00100686
501 0.00100689
502 0.0010069
503 0.00100678
504 0.00100679
505 0.00100679
506 0.00100668
507 0.00100668
508 0.00100679
509 0.0010069
510 0.00100678
511 0.00100689
512 0.00100699
513 0.00100686
514 0.00100695
515 0.00100704
516 0.0010069
517 0.00100698
518 0.00100704
519 0.0010069
520 0.00100695
521 0.00100699
522 0.00100686
523 0.00100689
524 0.0010069
525 0.00100678
526 0.00100679
527 0.00100679
528 0.00100668
529 0.00100668
530 0.00100679
531 0.0010069
532 0.00100678
533 0.00100689
534 0.00100699
535 0.00100686
536 0.00100695
537 0.00100704
538 0.0010069
539 0.00100698
540 0.00100704
541 0.0010069
542 0.00100695
543 0.00100699
544 0.00100686
545 0.00100689
546 0.0010069
547 0.00100678
548 0.00100679
549 0.00100679
550 0.00100668
551 0.00100668
552 0.00100679
553 0.00100668
554 0.0010066
555 0.00100668
556 0.00100677
557 0.00100667
558 0.00100675
559 0.00100683
560 0.00100672
561 0.00100679
562 0.00100685
563 0.00100674
564 0.00100679
565 0.00100683
566 0.00100672
567 0.00100675
568 0.00100677
569 0.00100667
570 0.00100668
571 0.00100668
572 0.0010066
573 0.00100659
574 0.00100659
575 0.00100652
576 0.00100652
577 0.00100659
578 0.00100668
579 0.0010066
580 0.00100668
581 0.00100677
582 0.00100667
583 0.00100675
584 0.00100683
585 0.00100672
586 0.00100679
587 0.00100685
588 0.00100674
589 0.00100679
590 0.00100683
591 0.00100672
592 0.00100675
593 0.00100677
594 0.00100667
595 0.00100668
596 0.00100668
597 0.0010066
598 0.00100659
599 0.00100659
600 0.00100652
601 0.00100652
602 0.00100659
603 0.00100668
604 0.0010066
605 0.00100668
606 0.00100677
607 0.00100667
608 0.00100675
609 0.00100683
610 0.00100672
611 0.00100679
612 0.00100685
613 0.00100674
614 0.00100679
615 0.00100683
616 0.00100672
617 0.00100675
618 0.00100677
619 0.00100667
620 0.00100668
621 0.00100668
622 0.0010066
623 0.00100659
624 0.00100659
625 0.00100652
626 0.00100652
627 0.00100659
628 0.00100668
629 0.0010066
630 0.00100668
631 0.00100677
632 0.00100667
633 0.00100675
634 0.00100683
635 0.00100672
636 0.00100679
637 0.00100685
638 0.00100674
639 0.00100679
640 0.00100683
641 0.00100672
642 0.00100675
643 0.00100677
644 0.00100667
645 0.00100668
646 0.00100668
647 0.0010066
648 0.00100659
649 0.00100659
650 0.00100652
651 0.00100652
652 0.00100659
653 0.00100668
654 0.0010066
655 0.00100668
656 0.00100677
657 0.00100667
658 0.00100675
659 0.00100683
660 0.00100672
661 0.00100679
662 0.00100685
663 0.00100674
664 0.00100679
665 0.00100683
666 0.00100672
667 0.00100675
668 0.00100677
669 0.00100667
670 0.00100668
671 0.00100668
672 0.0010066
673 0.00100659
674 0.00100659
675 0.00100652
676 0.00100652
677 0.00100659
678 0.00100668
679 0.0010066
680 0.00100668
681 0.00100677
682 0.00100667
683 0.00100675
684 0.00100683
685 0.00100672
686 0.00100679
687 0.00100685
688 0.00100674
689 0.00100679
690 0.00100683
691 0.00100672
692 0.00100675
693 0.00100677
694 0.00100667
695 0.00100668
696 0.00100668
697 0.0010066
698 0.00100659
699 0.00100659
700 0.00100652
701 0.00100652
702 0.00100659
703 0.00100652
704 0.00100648
705 0.00100653
706 0.0010066
707 0.00100655
708 0.0010066
709 0.00100666
710 0.0010066
711 0.00100665
712 0.0010067
713 0.00100664
714 0.00100667
715 0.0010067
716 0.00100664
717 0.00100665
718 0.00100666
719 0.0010066
720 0.0010066
721 0.0010066
722 0.00100655
723 0.00100653
724 0.00100652
725 0.00100648
726 0.00100647
727 0.00100646
728 0.00100643
729 0.00100643
730 0.00100647
731 0.00100652
732 0.00100648
733 0.00100653
734 0.0010066
735 0.00100655
736 0.0010066
737 0.00100666
738 0.0010066
739 0.00100665
740 0.0010067
741 0.00100664
742 0.00100667
743 0.0010067
744 0.00100664
745 0.00100665
746 0.00100666
747 0.0010066
748 0.0010066
749 0.0010066
750 0.00100655
751 0.00100653
752 0.00100652
753 0.00100648
754 0.00100647
755 0.00100646
756 0.00100643
757 0.00100643
758 0.00100647
759 0.00100652
760 0.00100648
761 0.00100653
762 0.0010066
763 0.00100655
764 0.0010066
765 0.00100666
766 0.0010066
767 0.00100665
768 0.0010067
769 0.00100664
770 0.00100667
771 0.0010067
772 0.00100664
773 0.00100665
774 0.00100666
775 0.0010066
776 0.0010066
777 0.0010066
778 0.00100655
779 0.00100653
780 0.00100652
781 0.00100648
782 0.00100647
783 0.00100646
784 0.00100643
785 0.00100643
786 0.00100647
787 0.00100652
788 0.00100648
789 0.00100653
790 0.0010066
791 0.00100655
792 0.0010066
793 0.00100666
794 0.0010066
795 0.00100665
796 0.0010067
797 0.00100664
798 0.00100667
799 0.0010067
800 0.00100664
801 0.00100665
802 0.00100666
803 0.0010066
804 0.0010066
805 0.0010066
806 0.00100655
807 0.00100653
808 0.00100652
809 0.00100648
810 0.00100647
811 0.00100646
812 0.00100643
813 0.00100643
814 0.00100647
815 0.00100652
816 0.00100648
817 0.00100653
818 0.0010066
819 0.00100655
820 0.0010066
821 0.00100666
822 0.0010066
823 0.00100665
824 0.0010067
825 0.00100664
826 0.00100667
827 0.0010067
828 0.00100664
829 0.00100665
830 0.00100666
831 0.0010066
832 0.0010066
833 0.0010066
834 0.00100655
835 0.00100653
836 0.00100652
837 0.00100648
838 0.00100647
839 0.00100646
840 0.00100643
841 0.00100643
842 0.00100647
843 0.00100652
844 0.00100648
845 0.00100653
846 0.0010066
847 0.00100655
848 0.0010066
849 0.00100666
850 0.0010066
851 0.00100665
852 0.0010067
853 0.00100664
854 0.00100667
855 0.0010067
856 0.00100664
857 0.00100665
858 0.00100666
859 0.0010066
860 0.0010066
861 0.0010066
862 0.00100655
863 0.00100653
864 0.00100652
865 0.00100648
866 0.00100647
867 0.00100646
868 0.00100643
869 0.00100643
870 0.00100647
871 0.00100644
872 0.00100643
873 0.00100646
874 0.0010065
875 0.00100649
876 0.00100652
877 0.00100656
878 0.00100655
879 0.00100658
880 0.00100661
881 0.0010066
882 0.00100661
883 0.00100663
884 0.00100661
885 0.00100661
886 0.00100661
887 0.0010066
888 0.00100658
889 0.00100656
890 0.00100655
891 0.00100652
892 0.0010065
893 0.00100649
894 0.00100646
895 0.00100644
896 0.00100643
897 0.00100641
898 0.0010064
899 0.00100639
900 0.00100639
901 0.00100641
902 0.00100644
903 0.00100643
904 0.00100646
905 0.0010065
906 0.00100649
907 0.00100652
908 0.00100656
909 0.00100655
910 0.00100658
911 0.00100661
912 0.0010066
913 0.00100661
914 0.00100663
915 0.00100661
916 0.00100661
917 0.00100661
918 0.0010066
919 0.00100658
920 0.00100656
921 0.00100655
922 0.00100652
923 0.0010065
924 0.00100649
925 0.00100646
926 0.00100644
927 0.00100643
928 0.00100641
929 0.0010064
930 0.00100639
931 0.00100639
932 0.00100641
933 0.00100644
934 0.00100643
935 0.00100646
936 0.0010065
937 0.00100649
938 0.00100652
939 0.00100656
940 0.00100655
941 0.00100658
942 0.00100661
943 0.0010066
944 0.00100661
945 0.00100663
946 0.00100661
947 0.00100661
948 0.00100661
949 0.0010066
950 0.00100658
951 0.00100656
952 0.00100655
953 0.00100652
954 0.0010065
955 0.00100649
956 0.00100646
957 0.00100644
958 0.00100643
959 0.00100641
960 0.0010064
961 0.00100639
962 0.00100639
963 0.00100641
964 0.00100644
965 0.00100643
966 0.00100646
967 0.0010065
968 0.00100649
969 0.00100652
970 0.00100656
971 0.00100655
972 0.00100658
973 0.00100661
974 0.0010066
975 0.00100661
976 0.00100663
977 0.00100661
978 0.00100661
979 0.00100661
980 0.0010066
981 0.00100658
982 0.00100656
983 0.00100655
984 0.00100652
985 0.0010065
986 0.00100649
987 0.00100646
988 0.00100644
989 0.00100643
990 0.00100641
991 0.0010064
992 0.00100639
993 0.00100639
994 0.00100641
995 0.00100644
996 0.00100643
997 0.00100646
998 0.0010065
999 0.00100649
1000 0.00100652
1001 0.00100656
1002 0.00100655
1003 0.00100658
1004 0.00100661
1005 0.0010066
1006 0.00100661
1007 0.00100663
1008 0.00100661
1009 0.00100661
1010 0.00100661
1011 0.0010066
1012 0.00100658
1013 0.00100656
1014 0.00100655
1015 0.00100652
1016 0.0010065
1017 0.00100649
1018 0.00100646
1019 0.00100644
1020 0.00100643
1021 0.00100641
1022 0.0010064
1023 0.00100639
1024 0.00100639
1025 0.00100641
1026 0.00100644
1027 0.00100643
1028 0.00100646
1029 0.0010065
1030 0.00100649
1031 0.00100652
1032 0.00100656
1033 0.00100655
1034 0.00100658
1035 0.00100661
1036 0.0010066
1037 0.00100661
1038 0.00100663
1039 0.00100661
1040 0.00100661
1041 0.00100661
1042 0.0010066
1043 0.00100658
1044 0.00100656
1045 0.00100655
1046 0.00100652
1047 0.0010065
1048 0.00100649
1049 0.00100646
1050 0.00100644
1051 0.00100643
1052 0.00100641
1053 0.0010064
1054 0.00100639
1055 0.00100639
1056 0.00100641
