0 0.00223016
1 0.00223577
2 0.00225089
3 0.0022751
4 0.00230724
5 0.00234578
6 0.00238892
7 0.00243471
8 0.00248117
9 0.00252647
10 0.00256897
11 0.00260736
12 0.00264071
13 0.00266853
14 0.00269069
15 0.00270749
16 0.00271947
17 0.00272741
18 0.00273216
19 0.00273453
20 0.00273517
21 0.00223577
22 0.00224225
23 0.00225849
24 0.00228369
25 0.0023166
26 0.00235564
27 0.00239898
28 0.00244467
29 0.00249076
30 0.00253541
31 0.00257705
32 0.00261442
33 0.00264664
34 0.00267329
35 0.0026943
36 0.00271001
37 0.00272103
38 0.00272815
39 0.00273224
40 0.00273414
41 0.00273453
42 0.00225089
43 0.00225849
44 0.00227567
45 0.00230153
46 0.0023348
47 0.00237383
48 0.0024168
49 0.00246175
50 0.00250674
51 0.00254999
52 0.00258997
53 0.00262549
54 0.00265575
55 0.00268039
56 0.00269944
57 0.0027133
58 0.00272263
59 0.00272829
60 0.0027312
61 0.00273224
62 0.00273216
63 0.0022751
64 0.00228369
65 0.00230153
66 0.0023277
67 0.00236085
68 0.00239934
69 0.00244131
70 0.00248483
71 0.002528
72 0.00256907
73 0.00260659
74 0.00263945
75 0.00266694
76 0.00268878
77 0.0027051
78 0.00271639
79 0.00272339
80 0.00272702
81 0.00272829
82 0.00272815
83 0.00272741
84 0.00230724
85 0.0023166
86 0.0023348
87 0.00236085
88 0.00239339
89 0.00243076
90 0.00247111
91 0.00251251
92 0.00255311
93 0.00259125
94 0.00262554
95 0.00265495
96 0.0026789
97 0.0026972
98 0.0027101
99 0.00271816
100 0.00272225
101 0.00272339
102 0.00272263
103 0.00272103
104 0.00271947
105 0.00234578
106 0.00235564
107 0.00237383
108 0.00239934
109 0.00243076
110 0.00246643
111 0.00250451
112 0.00254312
113 0.00258046
114 0.00261494
115 0.00264526
116 0.00267051
117 0.00269022
118 0.00270432
119 0.00271316
120 0.00271746
121 0.00271816
122 0.00271639
123 0.0027133
124 0.00271001
125 0.00270749
126 0.00238892
127 0.00239898
128 0.0024168
129 0.00244131
130 0.00247111
131 0.00250451
132 0.00253972
133 0.00257489
134 0.00260831
135 0.00263846
136 0.00266416
137 0.00268462
138 0.00269947
139 0.0027088
140 0.00271309
141 0.00271316
142 0.0027101
143 0.0027051
144 0.00269944
145 0.0026943
146 0.00269069
147 0.00243471
148 0.00244467
149 0.00246175
150 0.00248483
151 0.00251251
152 0.00254312
153 0.00257489
154 0.00260606
155 0.00263496
156 0.0026602
157 0.00268072
158 0.00269584
159 0.00270535
160 0.00270946
161 0.0027088
162 0.00270432
163 0.0026972
164 0.00268878
165 0.00268039
166 0.00267329
167 0.00266853
168 0.00248117
169 0.00249076
170 0.00250674
171 0.002528
172 0.00255311
173 0.00258046
174 0.00260831
175 0.00263496
176 0.00265886
177 0.00267872
178 0.0026936
179 0.00270297
180 0.00270677
181 0.00270535
182 0.00269947
183 0.00269022
184 0.0026789
185 0.00266694
186 0.00265575
187 0.00264664
188 0.00264071
189 0.00252647
190 0.00253541
191 0.00254999
192 0.00256907
193 0.00259125
194 0.00261494
195 0.00263846
196 0.0026602
197 0.00267872
198 0.00269284
199 0.00270177
200 0.00270512
201 0.00270297
202 0.00269584
203 0.00268462
204 0.00267051
205 0.00265495
206 0.00263945
207 0.00262549
208 0.00261442
209 0.00260736
210 0.00256897
211 0.00257705
212 0.00258997
213 0.00260659
214 0.00262554
215 0.00264526
216 0.00266416
217 0.00268072
218 0.0026936
219 0.00270177
220 0.00270457
221 0.00270177
222 0.0026936
223 0.00268072
224 0.00266416
225 0.00264526
226 0.00262554
227 0.00260659
228 0.00258997
229 0.00257705
230 0.00256897
231 0.00260736
232 0.00261442
233 0.00262549
234 0.00263945
235 0.00265495
236 0.00267051
237 0.00268462
238 0.00269584
239 0.00270297
240 0.00270512
241 0.00270177
242 0.00269284
243 0.00267872
244 0.0026602
245 0.00263846
246 0.00261494
247 0.00259125
248 0.00256907
249 0.00254999
250 0.00253541
251 0.00252647
252 0.00264071
253 0.00264664
254 0.00265575
255 0.00266694
256 0.0026789
257 0.00269022
258 0.00269947
259 0.00270535
260 0.00270677
261 0.00270297
262 0.0026936
263 0.00267872
264 0.00265886
265 0.00263496
266 0.00260831
267 0.00258046
268 0.00255311
269 0.002528
270 0.00250674
271 0.00249076
272 0.00248117
273 0.00266853
274 0.00267329
275 0.00268039
276 0.00268878
277 0.0026972
278 0.00270432
279 0.0027088
280 0.00270946
281 0.00270535
282 0.00269584
283 0.00268072
284 0.0026602
285 0.00263496
286 0.00260606
287 0.00257489
288 0.00254312
289 0.00251251
290 0.00248483
291 0.00246175
292 0.00244467
293 0.00243471
294 0.00269069
295 0.0026943
296 0.00269944
297 0.0027051
298 0.0027101
299 0.00271316
300 0.00271309
301 0.0027088
302 0.00269947
303 0.00268462
304 0.00266416
305 0.00263846
306 0.00260831
307 0.00257489
308 0.00253972
309 0.00250451
310 0.00247111
311 0.00244131
312 0.0024168
313 0.00239898
314 0.00238892
315 0.00270749
316 0.00271001
317 0.0027133
318 0.00271639
319 0.00271816
320 0.00271746
321 0.00271316
322 0.00270432
323 0.00269022
324 0.00267051
325 0.00264526
326 0.00261494
327 0.00258046
328 0.00254312
329 0.00250451
330 0.00246643
331 0.00243076
332 0.00239934
333 0.00237383
334 0.00235564
335 0.00234578
336 0.00271947
337 0.00272103
338 0.00272263
339 0.00272339
340 0.00272225
341 0.00271816
342 0.0027101
343 0.0026972
344 0.0026789
345 0.00265495
346 0.00262554
347 0.00259125
348 0.00255311
349 0.00251251
350 0.00247111
351 0.00243076
352 0.00239339
353 0.00236085
354 0.0023348
355 0.0023166
356 0.00230724
357 0.00272741
358 0.00272815
359 0.00272829
360 0.00272702
361 0.00272339
362 0.00271639
363 0.0027051
364 0.00268878
365 0.00266694
366 0.00263945
367 0.00260659
368 0.00256907
369 0.002528
370 0.00248483
371 0.00244131
372 0.00239934
373 0.00236085
374 0.0023277
375 0.00230153
376 0.00228369
377 0.0022751
378 0.00273216
379 0.00273224
380 0.0027312
381 0.00272829
382 0.00272263
383 0.0027133
384 0.00269944
385 0.00268039
386 0.00265575
387 0.00262549
388 0.00258997
389 0.00254999
390 0.00250674
391 0.00246175
392 0.0024168
393 0.00237383
394 0.0023348
395 0.00230153
396 0.00227567
397 0.00225849
398 0.00225089
399 0.00273453
400 0.00273414
401 0.00273224
402 0.00272815
403 0.00272103
404 0.00271001
405 0.0026943
406 0.00267329
407 0.00264664
408 0.00261442
409 0.00257705
410 0.00253541
411 0.00249076
412 0.00244467
413 0.00239898
414 0.00235564
415 0.0023166
416 0.00228369
417 0.00225849
418 0.00224225
419 0.00223577
420 0.00273517
421 0.00273453
422 0.00273216
423 0.00272741
424 0.00271947
425 0.00270749
426 0.00269069
427 0.00266853
428 0.00264071
429 0.00260736
430 0.00256897
431 0.00252647
432 0.00248117
433 0.00243471
434 0.00238892
435 0.00234578
436 0.00230724
437 0.0022751
438 0.00225089
439 0.00223577
440 0.00223016
