0 0
1 0
2 0
3 0
4 0
5 0
6 0
7 0
8 0
9 0
10 8.5457e-10
11 4.24384e-09
12 9.48383e-09
13 1.25593e-08
14 1.09148e-08
15 6.5044e-09
16 2.69177e-09
17 7.63856e-10
18 1.42251e-10
19 1.56983e-11
20 1.55918e-12
21 0
22 0
23 0
24 0
25 0
26 0
27 0
28 0
29 0
30 4.27285e-09
31 3.47147e-08
32 1.1201e-07
33 2.0171e-07
34 2.31346e-07
35 1.799e-07
36 9.75624e-08
37 3.70838e-08
38 9.71367e-09
39 1.67356e-09
40 1.7094e-10
41 1.56983e-11
42 0
43 0
44 0
45 0
46 0
47 0
48 0
49 0
50 1.92278e-08
51 2.19068e-07
52 1.00027e-06
53 2.45424e-06
54 3.72257e-06
55 3.76359e-06
56 2.64073e-06
57 1.30891e-06
58 4.58029e-07
59 1.10888e-07
60 1.76897e-08
61 1.67356e-09
62 1.42251e-10
63 0
64 0
65 0
66 0
67 0
68 0
69 0
70 5.12742e-08
71 7.59566e-07
72 4.6129e-06
73 1.51595e-05
74 3.03306e-05
75 3.98067e-05
76 3.59144e-05
77 2.28761e-05
78 1.03951e-05
79 3.35359e-06
80 7.50756e-07
81 1.10888e-07
82 9.71367e-09
83 7.63856e-10
84 0
85 0
86 0
87 0
88 0
89 0
90 8.97299e-08
91 1.65562e-06
92 1.27746e-05
93 5.42412e-05
94 0.000141166
95 0.000239454
96 0.000276793
97 0.000224795
98 0.000130538
99 5.44799e-05
100 1.62097e-05
101 3.35359e-06
102 4.58029e-07
103 3.70838e-08
104 2.69177e-09
105 0
106 0
107 0
108 0
109 0
110 1.07676e-07
111 2.4134e-06
112 2.29572e-05
113 0.000122077
114 0.000403289
115 0.000874072
116 0.00128807
117 0.00132744
118 0.000976279
119 0.000518181
120 0.000198722
121 5.44799e-05
122 1.03951e-05
123 1.30891e-06
124 9.75624e-08
125 6.5044e-09
126 0
127 0
128 0
129 0
130 8.97299e-08
131 2.4134e-06
132 2.78049e-05
133 0.00018119
134 0.000742951
135 0.00202112
136 0.00376162
137 0.00489495
138 0.00453512
139 0.00303179
140 0.00147212
141 0.000518181
142 0.000130538
143 2.28761e-05
144 2.64073e-06
145 1.799e-07
146 1.09148e-08
147 0
148 0
149 0
150 5.12742e-08
151 1.65562e-06
152 2.29572e-05
153 0.00018119
154 0.000907987
155 0.00305003
156 0.00707502
157 0.0115388
158 0.0134071
159 0.011227
160 0.00683296
161 0.00303179
162 0.000976279
163 0.000224795
164 3.59144e-05
165 3.76359e-06
166 2.31346e-07
167 1.25593e-08
168 0
169 0
170 1.92278e-08
171 7.59566e-07
172 1.27746e-05
173 0.000122077
174 0.000742951
175 0.00305003
176 0.00871609
177 0.0176457
178 0.0255702
179 0.0267226
180 0.0202788
181 0.011227
182 0.00453512
183 0.00132744
184 0.000276793
185 3.98067e-05
186 3.72257e-06
187 2.0171e-07
188 9.48383e-09
189 0
190 4.27285e-09
191 2.19068e-07
192 4.6129e-06
193 5.42412e-05
194 0.000403289
195 0.00202112
196 0.00707502
197 0.0176457
198 0.031685
199 0.0411778
200 0.0388636
201 0.0267226
202 0.0134071
203 0.00489495
204 0.00128807
205 0.000239454
206 3.03306e-05
207 2.45424e-06
208 1.1201e-07
209 4.24384e-09
210 8.5457e-10
211 3.47147e-08
212 1.00027e-06
213 1.51595e-05
214 0.000141166
215 0.000874072
216 0.00376162
217 0.0115388
218 0.0255702
219 0.0411778
220 0.0482653
221 0.0411778
222 0.0255702
223 0.0115388
224 0.00376162
225 0.000874072
226 0.000141166
227 1.51595e-05
228 1.00027e-06
229 3.47147e-08
230 8.5457e-10
231 4.24384e-09
232 1.1201e-07
233 2.45424e-06
234 3.03306e-05
235 0.000239454
236 0.00128807
237 0.00489495
238 0.0134071
239 0.0267226
240 0.0388636
241 0.0411778
242 0.031685
243 0.0176457
244 0.00707502
245 0.00202112
246 0.000403289
247 5.42412e-05
248 4.6129e-06
249 2.19068e-07
250 4.27285e-09
251 0
252 9.48383e-09
253 2.0171e-07
254 3.72257e-06
255 3.98067e-05
256 0.000276793
257 0.00132744
258 0.00453512
259 0.011227
260 0.0202788
261 0.0267226
262 0.0255702
263 0.0176457
264 0.00871609
265 0.00305003
266 0.000742951
267 0.000122077
268 1.27746e-05
269 7.59566e-07
270 1.92278e-08
271 0
272 0
273 1.25593e-08
274 2.31346e-07
275 3.76359e-06
276 3.59144e-05
277 0.000224795
278 0.000976279
279 0.00303179
280 0.00683296
281 0.011227
282 0.0134071
283 0.0115388
284 0.00707502
285 0.00305003
286 0.000907987
287 0.00018119
288 2.29572e-05
289 1.65562e-06
290 5.12742e-08
291 0
292 0
293 0
294 1.09148e-08
295 1.799e-07
296 2.64073e-06
297 2.28761e-05
298 0.000130538
299 0.000518181
300 0.00147212
301 0.00303179
302 0.00453512
303 0.00489495
304 0.00376162
305 0.00202112
306 0.000742951
307 0.00018119
308 2.78049e-05
309 2.4134e-06
310 8.97299e-08
311 0
312 0
313 0
314 0
315 6.5044e-09
316 9.75624e-08
317 1.30891e-06
318 1.03951e-05
319 5.44799e-05
320 0.000198722
321 0.000518181
322 0.000976279
323 0.00132744
324 0.00128807
325 0.000874072
326 0.000403289
327 0.000122077
328 2.29572e-05
329 2.4134e-06
330 1.07676e-07
331 0
332 0
333 0
334 0
335 0
336 2.69177e-09
337 3.70838e-08
338 4.58029e-07
339 3.35359e-06
340 1.62097e-05
341 5.44799e-05
342 0.000130538
343 0.000224795
344 0.000276793
345 0.000239454
346 0.000141166
347 5.42412e-05
348 1.27746e-05
349 1.65562e-06
350 8.97299e-08
351 0
352 0
353 0
354 0
355 0
356 0
357 7.63856e-10
358 9.71367e-09
359 1.10888e-07
360 7.50756e-07
361 3.35359e-06
362 1.03951e-05
363 2.28761e-05
364 3.59144e-05
365 3.98067e-05
366 3.03306e-05
367 1.51595e-05
368 4.6129e-06
369 7.59566e-07
370 5.12742e-08
371 0
372 0
373 0
374 0
375 0
376 0
377 0
378 1.42251e-10
379 1.67356e-09
380 1.76897e-08
381 1.10888e-07
382 4.58029e-07
383 1.30891e-06
384 2.64073e-06
385 3.76359e-06
386 3.72257e-06
387 2.45424e-06
388 1.00027e-06
389 2.19068e-07
390 1.92278e-08
391 0
392 0
393 0
394 0
395 0
396 0
397 0
398 0
399 1.56983e-11
400 1.7094e-10
401 1.67356e-09
402 9.71367e-09
403 3.70838e-08
404 9.75624e-08
405 1.799e-07
406 2.31346e-07
407 2.0171e-07
408 1.1201e-07
409 3.47147e-08
410 4.27285e-09
411 0
412 0
413 0
414 0
415 0
416 0
417 0
418 0
419 0
420 1.55918e-12
421 1.56983e-11
422 1.42251e-10
423 7.63856e-10
424 2.69177e-09
425 6.5044e-09
426 1.09148e-08
427 1.25593e-08
428 9.48383e-09
429 4.24384e-09
430 8.5457e-10
431 0
432 0
433 0
434 0
435 0
436 0
437 0
438 0
439 0
440 0
