0 0.00261021
1 0.00261021
2 0.00261021
3 0.00261021
4 0.00261021
5 0.00261021
6 0.00261021
7 0.00261021
8 0.00261021
9 0.00261021
10 0.00261021
11 0.00261021
12 0.00261021
13 0.00261021
14 0.00261021
15 0.00261021
16 0.00261021
17 0.00261021
18 0.00261021
19 0.00261021
20 0.00261021
21 0.00261021
22 0.00261021
23 0.00261021
24 0.00261021
25 0.00261021
26 0.00261021
27 0.00261021
28 0.00261021
29 0.00261021
30 0.00261021
31 0.00261021
32 0.00261021
33 0.00261021
34 0.00261021
35 0.00261021
36 0.00261021
37 0.00261021
38 0.00261021
39 0.00261021
40 0.00261021
41 0.00261021
42 0.00261021
43 0.00261021
44 0.00261021
45 0.00261021
46 0.00261021
47 0.00261021
48 0.00261021
49 0.00261021
50 0.00261021
51 0.00261021
52 0.00261021
53 0.00261021
54 0.00261021
55 0.00261021
56 0.00261021
57 0.00261021
58 0.00261021
59 0.00261021
60 0.00261021
61 0.00261021
62 0.00261021
63 0.00261021
64 0.00261021
65 0.00261021
66 0.00261021
67 0.00261021
68 0.00261021
69 0.00261021
70 0.00261021
71 0.00261021
72 0.00261021
73 0.00261021
74 0.00261021
75 0.00261021
76 0.00261021
77 0.00261021
78 0.00261021
79 0.00261021
80 0.00261021
81 0.00261021
82 0.00261021
83 0.00261021
84 0.00261021
85 0.00261021
86 0.00261021
87 0.00261021
88 0.00261021
89 0.00261021
90 0.00261021
91 0.00261021
92 0.00261021
93 0.00261021
94 0.00261021
95 0.00261021
96 0.00261021
97 0.00261021
98 0.00261021
99 0.00261021
100 0.00261021
101 0.00261021
102 0.00261021
103 0.00261021
104 0.00261021
105 0.00261021
106 0.00261021
107 0.00261021
108 0.00261021
109 0.00261021
110 0.00261021
111 0.00261021
112 0.00261021
113 0.00261021
114 0.00261021
115 0.00261021
116 0.00261021
117 0.00261021
118 0.00261021
119 0.00261021
120 0.00261021
121 0.00261021
122 0.00261021
123 0.00261021
124 0.00261021
125 0.00261021
126 0.00261021
127 0.00261021
128 0.00261021
129 0.00261021
130 0.00261021
131 0.00261021
132 0.00261021
133 0.00261021
134 0.00261021
135 0.00261021
136 0.00261021
137 0.00261021
138 0.00261021
139 0.00261021
140 0.00261021
141 0.00261021
142 0.00261021
143 0.00261021
144 0.00261021
145 0.00261021
146 0.00261021
147 0.00261021
148 0.00261021
149 0.00261021
150 0.00261021
151 0.00261021
152 0.00261021
153 0.00261021
154 0.00261021
155 0.00261021
156 0.00261021
157 0.00261021
158 0.00261021
159 0.00261021
160 0.00261021
161 0.00261021
162 0.00261021
163 0.00261021
164 0.00261021
165 0.00261021
166 0.00261021
167 0.00261021
168 0.00261021
169 0.00261021
170 0.00261021
171 0.00261021
172 0.00261021
173 0.00261021
174 0.00261021
175 0.00261021
176 0.00261021
177 0.00261021
178 0.00261021
179 0.00261021
180 0.00261021
181 0.00261021
182 0.00261021
183 0.00261021
184 0.00261021
185 0.00261021
186 0.00261021
187 0.00261021
188 0.00261021
189 0.00261021
190 0.00261021
191 0.00261021
192 0.00261021
193 0.00261021
194 0.00261021
195 0.00261021
196 0.00261021
197 0.00261021
198 0.00261021
199 0.00261021
200 0.00261021
201 0.00261021
202 0.00261021
203 0.00261021
204 0.00261021
205 0.00261021
206 0.00261021
207 0.00261021
208 0.00261021
209 0.00261021
210 0.00261021
211 0.00261021
212 0.00261021
213 0.00261021
214 0.00261021
215 0.00261021
216 0.00261021
217 0.00261021
218 0.00261021
219 0.00261021
220 0.00261021
221 0.00261021
222 0.00261021
223 0.00261021
224 0.00261021
225 0.00261021
226 0.00261021
227 0.00261021
228 0.00261021
229 0.00261021
230 0.00261021
231 0.00261021
232 0.00261021
233 0.00261021
234 0.00261021
235 0.00261021
236 0.00261021
237 0.00261021
238 0.00261021
239 0.00261021
240 0.00261021
241 0.00261021
242 0.00261021
243 0.00261021
244 0.00261021
245 0.00261021
246 0.00261021
247 0.00261021
248 0.00261021
249 0.00261021
250 0.00261021
251 0.00261021
252 0.00261021
253 0.00261021
254 0.00261021
255 0.00261021
256 0.00261021
257 0.00261021
258 0.00261021
259 0.00261021
260 0.00261021
261 0.00261021
262 0.00261021
263 0.00261021
264 0.00261021
265 0.00261021
266 0.00261021
267 0.00261021
268 0.00261021
269 0.00261021
270 0.00261021
271 0.00261021
272 0.00261021
273 0.00261021
274 0.00261021
275 0.00261021
276 0.00261021
277 0.00261021
278 0.00261021
279 0.00261021
280 0.00261021
281 0.00261021
282 0.00261021
283 0.00261021
284 0.00261021
285 0.00261021
286 0.00261021
287 0.00261021
288 0.00261021
289 0.00261021
290 0.00261021
291 0.00261021
292 0.00261021
293 0.00261021
294 0.00261021
295 0.00261021
296 0.00261021
297 0.00261021
298 0.00261021
299 0.00261021
300 0.00261021
301 0.00261021
302 0.00261021
303 0.00261021
304 0.00261021
305 0.00261021
306 0.00261021
307 0.00261021
308 0.00261021
309 0.00261021
310 0.00261021
311 0.00261021
312 0.00261021
313 0.00261021
314 0.00261021
315 0.00261021
316 0.00261021
317 0.00261021
318 0.00261021
319 0.00261021
320 0.00261021
321 0.00261021
322 0.00261021
323 0.00261021
324 0.00261021
325 0.00261021
326 0.00261021
327 0.00261021
328 0.00261021
329 0.00261021
330 0.00261021
331 0.00261021
332 0.00261021
333 0.00261021
334 0.00261021
335 0.00261021
336 0.00261021
337 0.00261021
338 0.00261021
339 0.00261021
340 0.00261021
341 0.00261021
342 0.00261021
343 0.00261021
344 0.00261021
345 0.00261021
346 0.00261021
347 0.00261021
348 0.00261021
349 0.00261021
350 0.00261021
351 0.00261021
352 0.00261021
353 0.00261021
354 0.00261021
355 0.00261021
356 0.00261021
357 0.00261021
358 0.00261021
359 0.00261021
360 0.00261021
361 0.00261021
362 0.00261021
363 0.00261021
364 0.00261021
365 0.00261021
366 0.00261021
367 0.00261021
368 0.00261021
369 0.00261021
370 0.00261021
371 0.00261021
372 0.00261021
373 0.00261021
374 0.00261021
375 0.00261021
376 0.00261021
377 0.00261021
378 0.00261021
379 0.00261021
380 0.00261021
381 0.00261021
382 0.00261021
383 0.00261021
384 0.00261021
385 0.00261021
386 0.00261021
387 0.00261021
388 0.00261021
389 0.00261021
390 0.00261021
391 0.00261021
392 0.00261021
393 0.00261021
394 0.00261021
395 0.00261021
396 0.00261021
397 0.00261021
398 0.00261021
399 0.00261021
400 0.00261021
401 0.00261021
402 0.00261021
403 0.00261021
404 0.00261021
405 0.00261021
406 0.00261021
407 0.00261021
408 0.00261021
409 0.00261021
410 0.00261021
411 0.00261021
412 0.00261021
413 0.00261021
414 0.00261021
415 0.00261021
416 0.00261021
417 0.00261021
418 0.00261021
419 0.00261021
420 0.00261021
421 0.00261021
422 0.00261021
423 0.00261021
424 0.00261021
425 0.00261021
426 0.00261021
427 0.00261021
428 0.00261021
429 0.00261021
430 0.00261021
431 0.00261021
432 0.00261021
433 0.00261021
434 0.00261021
435 0.00261021
436 0.00261021
437 0.00261021
438 0.00261021
439 0.00261021
440 0.00261021
