0 0.00260884
1 0.00260885
2 0.0026089
3 0.00260898
4 0.00260909
5 0.00260921
6 0.00260936
7 0.00260952
8 0.00260969
9 0.00260986
10 0.00261003
11 0.0026102
12 0.00261035
13 0.00261049
14 0.00261062
15 0.00261072
16 0.00261081
17 0.00261087
18 0.00261092
19 0.00261095
20 0.00261096
21 0.00260885
22 0.00260887
23 0.00260893
24 0.00260901
25 0.00260912
26 0.00260925
27 0.00260939
28 0.00260955
29 0.00260972
30 0.00260989
31 0.00261006
32 0.00261022
33 0.00261037
34 0.00261051
35 0.00261063
36 0.00261073
37 0.00261081
38 0.00261088
39 0.00261092
40 0.00261094
41 0.00261095
42 0.0026089
43 0.00260893
44 0.00260898
45 0.00260907
46 0.00260917
47 0.0026093
48 0.00260945
49 0.00260961
50 0.00260977
51 0.00260994
52 0.0026101
53 0.00261025
54 0.0026104
55 0.00261053
56 0.00261064
57 0.00261073
58 0.00261081
59 0.00261086
60 0.0026109
61 0.00261092
62 0.00261092
63 0.00260898
64 0.00260901
65 0.00260907
66 0.00260915
67 0.00260926
68 0.00260938
69 0.00260953
70 0.00260968
71 0.00260984
72 0.00260999
73 0.00261014
74 0.00261029
75 0.00261042
76 0.00261054
77 0.00261064
78 0.00261072
79 0.00261079
80 0.00261083
81 0.00261086
82 0.00261088
83 0.00261087
84 0.00260909
85 0.00260912
86 0.00260917
87 0.00260926
88 0.00260936
89 0.00260948
90 0.00260962
91 0.00260976
92 0.00260991
93 0.00261005
94 0.00261019
95 0.00261032
96 0.00261044
97 0.00261054
98 0.00261063
99 0.0026107
100 0.00261075
101 0.00261079
102 0.00261081
103 0.00261081
104 0.00261081
105 0.00260921
106 0.00260925
107 0.0026093
108 0.00260938
109 0.00260948
110 0.0026096
111 0.00260973
112 0.00260986
113 0.00260999
114 0.00261012
115 0.00261024
116 0.00261036
117 0.00261046
118 0.00261054
119 0.00261061
120 0.00261066
121 0.0026107
122 0.00261072
123 0.00261073
124 0.00261073
125 0.00261072
126 0.00260936
127 0.00260939
128 0.00260945
129 0.00260953
130 0.00260962
131 0.00260973
132 0.00260984
133 0.00260996
134 0.00261007
135 0.00261019
136 0.00261029
137 0.00261038
138 0.00261046
139 0.00261053
140 0.00261058
141 0.00261061
142 0.00261063
143 0.00261064
144 0.00261064
145 0.00261063
146 0.00261062
147 0.00260952
148 0.00260955
149 0.00260961
150 0.00260968
151 0.00260976
152 0.00260986
153 0.00260996
154 0.00261006
155 0.00261016
156 0.00261025
157 0.00261033
158 0.0026104
159 0.00261045
160 0.0026105
161 0.00261053
162 0.00261054
163 0.00261054
164 0.00261054
165 0.00261053
166 0.00261051
167 0.00261049
168 0.00260969
169 0.00260972
170 0.00260977
171 0.00260984
172 0.00260991
173 0.00260999
174 0.00261007
175 0.00261016
176 0.00261023
177 0.0026103
178 0.00261036
179 0.0026104
180 0.00261044
181 0.00261045
182 0.00261046
183 0.00261046
184 0.00261044
185 0.00261042
186 0.0026104
187 0.00261037
188 0.00261035
189 0.00260986
190 0.00260989
191 0.00260994
192 0.00260999
193 0.00261005
194 0.00261012
195 0.00261019
196 0.00261025
197 0.0026103
198 0.00261034
199 0.00261038
200 0.0026104
201 0.0026104
202 0.0026104
203 0.00261038
204 0.00261036
205 0.00261032
206 0.00261029
207 0.00261025
208 0.00261022
209 0.0026102
210 0.00261003
211 0.00261006
212 0.0026101
213 0.00261014
214 0.00261019
215 0.00261024
216 0.00261029
217 0.00261033
218 0.00261036
219 0.00261038
220 0.00261038
221 0.00261038
222 0.00261036
223 0.00261033
224 0.00261029
225 0.00261024
226 0.00261019
227 0.00261014
228 0.0026101
229 0.00261006
230 0.00261003
231 0.0026102
232 0.00261022
233 0.00261025
234 0.00261029
235 0.00261032
236 0.00261036
237 0.00261038
238 0.0026104
239 0.0026104
240 0.0026104
241 0.00261038
242 0.00261034
243 0.0026103
244 0.00261025
245 0.00261019
246 0.00261012
247 0.00261005
248 0.00260999
249 0.00260994
250 0.00260989
251 0.00260986
252 0.00261035
253 0.00261037
254 0.0026104
255 0.00261042
256 0.00261044
257 0.00261046
258 0.00261046
259 0.00261045
260 0.00261044
261 0.0026104
262 0.00261036
263 0.0026103
264 0.00261023
265 0.00261016
266 0.00261007
267 0.00260999
268 0.00260991
269 0.00260984
270 0.00260977
271 0.00260972
272 0.00260969
273 0.00261049
274 0.00261051
275 0.00261053
276 0.00261054
277 0.00261054
278 0.00261054
279 0.00261053
280 0.0026105
281 0.00261045
282 0.0026104
283 0.00261033
284 0.00261025
285 0.00261016
286 0.00261006
287 0.00260996
288 0.00260986
289 0.00260976
290 0.00260968
291 0.00260961
292 0.00260955
293 0.00260952
294 0.00261062
295 0.00261063
296 0.00261064
297 0.00261064
298 0.00261063
299 0.00261061
300 0.00261058
301 0.00261053
302 0.00261046
303 0.00261038
304 0.00261029
305 0.00261019
306 0.00261007
307 0.00260996
308 0.00260984
309 0.00260973
310 0.00260962
311 0.00260953
312 0.00260945
313 0.00260939
314 0.00260936
315 0.00261072
316 0.00261073
317 0.00261073
318 0.00261072
319 0.0026107
320 0.00261066
321 0.00261061
322 0.00261054
323 0.00261046
324 0.00261036
325 0.00261024
326 0.00261012
327 0.00260999
328 0.00260986
329 0.00260973
330 0.0026096
331 0.00260948
332 0.00260938
333 0.0026093
334 0.00260925
335 0.00260921
336 0.00261081
337 0.00261081
338 0.00261081
339 0.00261079
340 0.00261075
341 0.0026107
342 0.00261063
343 0.00261054
344 0.00261044
345 0.00261032
346 0.00261019
347 0.00261005
348 0.00260991
349 0.00260976
350 0.00260962
351 0.00260948
352 0.00260936
353 0.00260926
354 0.00260917
355 0.00260912
356 0.00260909
357 0.00261087
358 0.00261088
359 0.00261086
360 0.00261083
361 0.00261079
362 0.00261072
363 0.00261064
364 0.00261054
365 0.00261042
366 0.00261029
367 0.00261014
368 0.00260999
369 0.00260984
370 0.00260968
371 0.00260953
372 0.00260938
373 0.00260926
374 0.00260915
375 0.00260907
376 0.00260901
377 0.00260898
378 0.00261092
379 0.00261092
380 0.0026109
381 0.00261086
382 0.00261081
383 0.00261073
384 0.00261064
385 0.00261053
386 0.0026104
387 0.00261025
388 0.0026101
389 0.00260994
390 0.00260977
391 0.00260961
392 0.00260945
393 0.0026093
394 0.00260917
395 0.00260907
396 0.00260898
397 0.00260893
398 0.0026089
399 0.00261095
400 0.00261094
401 0.00261092
402 0.00261088
403 0.00261081
404 0.00261073
405 0.00261063
406 0.00261051
407 0.00261037
408 0.00261022
409 0.00261006
410 0.00260989
411 0.00260972
412 0.00260955
413 0.00260939
414 0.00260925
415 0.00260912
416 0.00260901
417 0.00260893
418 0.00260887
419 0.00260885
420 0.00261096
421 0.00261095
422 0.00261092
423 0.00261087
424 0.00261081
425 0.00261072
426 0.00261062
427 0.00261049
428 0.00261035
429 0.0026102
430 0.00261003
431 0.00260986
432 0.00260969
433 0.00260952
434 0.00260936
435 0.00260921
436 0.00260909
437 0.00260898
438 0.0026089
439 0.00260885
440 0.00260884
