0 2.30743e-08
1 5.0658e-08
2 1.87568e-07
3 6.71277e-07
4 2.12547e-06
5 5.9133e-06
6 1.44864e-05
7 3.13367e-05
8 6.00085e-05
9 0.000101954
10 0.00015399
11 0.000207126
12 0.000248492
13 0.000266272
14 0.000255155
15 0.000218881
16 0.000168272
17 0.000116206
18 7.29206e-05
19 4.44599e-05
20 3.50176e-05
21 5.0658e-08
22 1.07503e-07
23 3.75879e-07
24 1.28753e-06
25 3.92291e-06
26 1.05345e-05
27 2.49705e-05
28 5.23717e-05
29 9.74101e-05
30 0.000160996
31 0.000236864
32 0.000310699
33 0.00036387
34 0.000380938
35 0.000356891
36 0.000299502
37 0.00022536
38 0.000152393
39 9.37293e-05
40 5.62937e-05
41 4.44599e-05
42 1.87568e-07
43 3.75879e-07
44 1.21797e-06
45 3.92293e-06
46 1.13137e-05
47 2.88792e-05
48 6.52914e-05
49 0.000130998
50 0.000233683
51 0.000371251
52 0.000526056
53 0.000665723
54 0.000753288
55 0.000762924
56 0.000692219
57 0.000563094
58 0.000411003
59 0.000269724
60 0.000160963
61 9.37293e-05
62 7.29206e-05
63 6.71277e-07
64 1.28753e-06
65 3.92293e-06
66 1.19255e-05
67 3.25967e-05
68 7.91235e-05
69 0.000170593
70 0.000327215
71 0.000559248
72 0.000852878
73 0.00116204
74 0.00141606
75 0.00154488
76 0.00151017
77 0.0013237
78 0.00104099
79 0.000735007
80 0.00046681
81 0.000269724
82 0.000152393
83 0.000116206
84 2.12547e-06
85 3.92291e-06
86 1.13137e-05
87 3.25967e-05
88 8.47138e-05
89 0.000196047
90 0.00040394
91 0.000741978
92 0.00121662
93 0.00178288
94 0.00233745
95 0.00274416
96 0.00288717
97 0.00272411
98 0.00230628
99 0.00175283
100 0.00119656
101 0.000735007
102 0.000411003
103 0.00022536
104 0.000168272
105 5.9133e-06
106 1.05345e-05
107 2.88792e-05
108 7.91235e-05
109 0.000196047
110 0.000433556
111 0.00085537
112 0.0015071
113 0.00237404
114 0.00334672
115 0.00422574
116 0.00478257
117 0.00485479
118 0.00442243
119 0.00361674
120 0.00265634
121 0.00175283
122 0.00104099
123 0.000563094
124 0.000299502
125 0.000218881
126 1.44864e-05
127 2.49705e-05
128 6.52914e-05
129 0.000170593
130 0.00040394
131 0.00085537
132 0.00161865
133 0.00273954
134 0.00415069
135 0.00563415
136 0.00685647
137 0.00748498
138 0.00733346
139 0.00645097
140 0.00509641
141 0.00361674
142 0.00230628
143 0.0013237
144 0.000692219
145 0.000356891
146 0.000255155
147 3.13367e-05
148 5.23717e-05
149 0.000130998
150 0.000327215
151 0.000741978
152 0.0015071
153 0.00273954
154 0.00445939
155 0.00650509
156 0.00850921
157 0.00998654
158 0.0105201
159 0.00995079
160 0.00845348
161 0.00645097
162 0.00442243
163 0.00272411
164 0.00151017
165 0.000762924
166 0.000380938
167 0.000266272
168 6.00085e-05
169 9.74101e-05
170 0.000233683
171 0.000559248
172 0.00121662
173 0.00237404
174 0.00415069
175 0.00650509
176 0.00914405
177 0.0115342
178 0.0130609
179 0.0132808
180 0.0121293
181 0.00995079
182 0.00733346
183 0.00485479
184 0.00288717
185 0.00154488
186 0.000753288
187 0.00036387
188 0.000248492
189 0.000101954
190 0.000160996
191 0.000371251
192 0.000852878
193 0.00178288
194 0.00334672
195 0.00563415
196 0.00850921
197 0.0115342
198 0.0140372
199 0.0153417
200 0.0150606
201 0.0132808
202 0.0105201
203 0.00748498
204 0.00478257
205 0.00274416
206 0.00141606
207 0.000665723
208 0.000310699
209 0.000207126
210 0.00015399
211 0.000236864
212 0.000526056
213 0.00116204
214 0.00233745
215 0.00422574
216 0.00685647
217 0.00998654
218 0.0130609
219 0.0153417
220 0.016187
221 0.0153417
222 0.0130609
223 0.00998654
224 0.00685647
225 0.00422574
226 0.00233745
227 0.00116204
228 0.000526056
229 0.000236864
230 0.00015399
231 0.000207126
232 0.000310699
233 0.000665723
234 0.00141606
235 0.00274416
236 0.00478257
237 0.00748498
238 0.0105201
239 0.0132808
240 0.0150606
241 0.0153417
242 0.0140372
243 0.0115342
244 0.00850921
245 0.00563415
246 0.00334672
247 0.00178288
248 0.000852878
249 0.000371251
250 0.000160996
251 0.000101954
252 0.000248492
253 0.00036387
254 0.000753288
255 0.00154488
256 0.00288717
257 0.00485479
258 0.00733346
259 0.00995079
260 0.0121293
261 0.0132808
262 0.0130609
263 0.0115342
264 0.00914405
265 0.00650509
266 0.00415069
267 0.00237404
268 0.00121662
269 0.000559248
270 0.000233683
271 9.74101e-05
272 6.00085e-05
273 0.000266272
274 0.000380938
275 0.000762924
276 0.00151017
277 0.00272411
278 0.00442243
279 0.00645097
280 0.00845348
281 0.00995079
282 0.0105201
283 0.00998654
284 0.00850921
285 0.00650509
286 0.00445939
287 0.00273954
288 0.0015071
289 0.000741978
290 0.000327215
291 0.000130998
292 5.23717e-05
293 3.13367e-05
294 0.000255155
295 0.000356891
296 0.000692219
297 0.0013237
298 0.00230628
299 0.00361674
300 0.00509641
301 0.00645097
302 0.00733346
303 0.00748498
304 0.00685647
305 0.00563415
306 0.00415069
307 0.00273954
308 0.00161865
309 0.00085537
310 0.00040394
311 0.000170593
312 6.52914e-05
313 2.49705e-05
314 1.44864e-05
315 0.000218881
316 0.000299502
317 0.000563094
318 0.00104099
319 0.00175283
320 0.00265634
321 0.00361674
322 0.00442243
323 0.00485479
324 0.00478257
325 0.00422574
326 0.00334672
327 0.00237404
328 0.0015071
329 0.00085537
330 0.000433556
331 0.000196047
332 7.91235e-05
333 2.88792e-05
334 1.05345e-05
335 5.9133e-06
336 0.000168272
337 0.00022536
338 0.000411003
339 0.000735007
340 0.00119656
341 0.00175283
342 0.00230628
343 0.00272411
344 0.00288717
345 0.00274416
346 0.00233745
347 0.00178288
348 0.00121662
349 0.000741978
350 0.00040394
351 0.000196047
352 8.47138e-05
353 3.25967e-05
354 1.13137e-05
355 3.92291e-06
356 2.12547e-06
357 0.000116206
358 0.000152393
359 0.000269724
360 0.00046681
361 0.000735007
362 0.00104099
363 0.0013237
364 0.00151017
365 0.00154488
366 0.00141606
367 0.00116204
368 0.000852878
369 0.000559248
370 0.000327215
371 0.000170593
372 7.91235e-05
373 3.25967e-05
374 1.19255e-05
375 3.92293e-06
376 1.28753e-06
377 6.71277e-07
378 7.29206e-05
379 9.37293e-05
380 0.000160963
381 0.000269724
382 0.000411003
383 0.000563094
384 0.000692219
385 0.000762924
386 0.000753288
387 0.000665723
388 0.000526056
389 0.000371251
390 0.000233683
391 0.000130998
392 6.52914e-05
393 2.88792e-05
394 1.13137e-05
395 3.92293e-06
396 1.21797e-06
397 3.75879e-07
398 1.87568e-07
399 4.44599e-05
400 5.62937e-05
401 9.37293e-05
402 0.000152393
403 0.00022536
404 0.000299502
405 0.000356891
406 0.000380938
407 0.00036387
408 0.000310699
409 0.000236864
410 0.000160996
411 9.74101e-05
412 5.23717e-05
413 2.49705e-05
414 1.05345e-05
415 3.92291e-06
416 1.28753e-06
417 3.75879e-07
418 1.07503e-07
419 5.0658e-08
420 3.50176e-05
421 4.44599e-05
422 7.29206e-05
423 0.000116206
424 0.000168272
425 0.000218881
426 0.000255155
427 0.000266272
428 0.000248492
429 0.000207126
430 0.00015399
431 0.000101954
432 6.00085e-05
433 3.13367e-05
434 1.44864e-05
435 5.9133e-06
436 2.12547e-06
437 6.71277e-07
438 1.87568e-07
439 5.0658e-08
440 2.30743e-08
