0 0.000403783
1 0.00042595
2 0.000487418
3 0.000590213
4 0.00073413
5 0.000916278
6 0.00113015
7 0.00136514
8 0.00160682
9 0.00183797
10 0.00204048
11 0.0021977
12 0.00229703
13 0.00233217
14 0.0023046
15 0.00222402
16 0.00210752
17 0.00197757
18 0.00185914
19 0.00177625
20 0.00174869
21 0.00042595
22 0.000452186
23 0.000520134
24 0.00063077
25 0.000783568
26 0.000975102
27 0.00119809
28 0.00144098
29 0.0016884
30 0.00192231
31 0.00212409
32 0.00227703
33 0.00236893
34 0.00239436
35 0.00235602
36 0.00226497
37 0.00213967
38 0.00200368
39 0.00188268
40 0.00180078
41 0.00177625
42 0.000487418
43 0.000520134
44 0.000597694
45 0.000721529
46 0.000890884
47 0.00110148
48 0.00134461
49 0.0016069
50 0.00187097
51 0.00211689
52 0.00232459
53 0.00247655
54 0.00256062
55 0.00257227
56 0.00251583
57 0.00240456
58 0.00225925
59 0.00210576
60 0.00197168
61 0.00188268
62 0.00185914
63 0.000590213
64 0.00063077
65 0.000721529
66 0.00086443
67 0.00105824
68 0.00129723
69 0.00157046
70 0.00186174
71 0.00215064
72 0.00241444
73 0.00263089
74 0.0027813
75 0.0028536
76 0.00284452
77 0.0027608
78 0.00261875
79 0.00244257
80 0.00226141
81 0.00210576
82 0.00200368
83 0.00197757
84 0.00073413
85 0.000783568
86 0.000890884
87 0.00105824
88 0.00128335
89 0.0015583
90 0.00186896
91 0.00219538
92 0.00251322
93 0.00279633
94 0.00301995
95 0.0031643
96 0.00321776
97 0.00317907
98 0.00305818
99 0.00287543
100 0.0026592
101 0.00244257
102 0.00225925
103 0.00213967
104 0.00210752
105 0.000916278
106 0.000975102
107 0.00110148
108 0.00129723
109 0.0015583
110 0.00187369
111 0.0022252
112 0.00258832
113 0.0029343
114 0.00323328
115 0.00345818
116 0.00358857
117 0.00361406
118 0.00353627
119 0.00336922
120 0.00313793
121 0.00287543
122 0.00261875
123 0.00240456
124 0.00226497
125 0.00222402
126 0.00113015
127 0.00119809
128 0.00134461
129 0.00157046
130 0.00186896
131 0.0022252
132 0.00261621
133 0.00301246
134 0.00338066
135 0.00368752
136 0.00390423
137 0.00401063
138 0.00399846
139 0.00387313
140 0.00365338
141 0.00336922
142 0.00305818
143 0.0027608
144 0.00251583
145 0.00235602
146 0.0023046
147 0.00136514
148 0.00144098
149 0.0016069
150 0.00186174
151 0.00219538
152 0.00258832
153 0.00301246
154 0.00343325
155 0.00381321
156 0.00411642
157 0.00431335
158 0.00438518
159 0.00432686
160 0.00414825
161 0.00387313
162 0.00353627
163 0.00317907
164 0.00284452
165 0.00257227
166 0.00239436
167 0.00233217
168 0.00160682
169 0.0016884
170 0.00187097
171 0.00215064
172 0.00251322
173 0.0029343
174 0.00338066
175 0.00381321
176 0.00419121
177 0.00447729
178 0.00464249
179 0.00467054
180 0.00456043
181 0.00432686
182 0.00399846
183 0.00361406
184 0.00321776
185 0.0028536
186 0.00256062
187 0.00236893
188 0.00229703
189 0.00183797
190 0.00192231
191 0.00211689
192 0.00241444
193 0.00279633
194 0.00323328
195 0.00368752
196 0.00411642
197 0.00447729
198 0.00473276
199 0.00485587
200 0.00483393
201 0.00467054
202 0.00438518
203 0.00401063
204 0.00358857
205 0.0031643
206 0.0027813
207 0.00247655
208 0.00227703
209 0.0021977
210 0.00204048
211 0.00212409
212 0.00232459
213 0.00263089
214 0.00301995
215 0.00345818
216 0.00390423
217 0.00431335
218 0.00464249
219 0.00485587
220 0.00492976
221 0.00485587
222 0.00464249
223 0.00431335
224 0.00390423
225 0.00345818
226 0.00301995
227 0.00263089
228 0.00232459
229 0.00212409
230 0.00204048
231 0.0021977
232 0.00227703
233 0.00247655
234 0.0027813
235 0.0031643
236 0.00358857
237 0.00401063
238 0.00438518
239 0.00467054
240 0.00483393
241 0.00485587
242 0.00473276
243 0.00447729
244 0.00411642
245 0.00368752
246 0.00323328
247 0.00279633
248 0.00241444
249 0.00211689
250 0.00192231
251 0.00183797
252 0.00229703
253 0.00236893
254 0.00256062
255 0.0028536
256 0.00321776
257 0.00361406
258 0.00399846
259 0.00432686
260 0.00456043
261 0.00467054
262 0.00464249
263 0.00447729
264 0.00419121
265 0.00381321
266 0.00338066
267 0.0029343
268 0.00251322
269 0.00215064
270 0.00187097
271 0.0016884
272 0.00160682
273 0.00233217
274 0.00239436
275 0.00257227
276 0.00284452
277 0.00317907
278 0.00353627
279 0.00387313
280 0.00414825
281 0.00432686
282 0.00438518
283 0.00431335
284 0.00411642
285 0.00381321
286 0.00343325
287 0.00301246
288 0.00258832
289 0.00219538
290 0.00186174
291 0.0016069
292 0.00144098
293 0.00136514
294 0.0023046
295 0.00235602
296 0.00251583
297 0.0027608
298 0.00305818
299 0.00336922
300 0.00365338
301 0.00387313
302 0.00399846
303 0.00401063
304 0.00390423
305 0.00368752
306 0.00338066
307 0.00301246
308 0.00261621
309 0.0022252
310 0.00186896
311 0.00157046
312 0.00134461
313 0.00119809
314 0.00113015
315 0.00222402
316 0.00226497
317 0.00240456
318 0.00261875
319 0.00287543
320 0.00313793
321 0.00336922
322 0.00353627
323 0.00361406
324 0.00358857
325 0.00345818
326 0.00323328
327 0.0029343
328 0.00258832
329 0.0022252
330 0.00187369
331 0.0015583
332 0.00129723
333 0.00110148
334 0.000975102
335 0.000916278
336 0.00210752
337 0.00213967
338 0.00225925
339 0.00244257
340 0.0026592
341 0.00287543
342 0.00305818
343 0.00317907
344 0.00321776
345 0.0031643
346 0.00301995
347 0.00279633
348 0.00251322
349 0.00219538
350 0.00186896
351 0.0015583
352 0.00128335
353 0.00105824
354 0.000890884
355 0.000783568
356 0.00073413
357 0.00197757
358 0.00200368
359 0.00210576
360 0.00226141
361 0.00244257
362 0.00261875
363 0.0027608
364 0.00284452
365 0.0028536
366 0.0027813
367 0.00263089
368 0.00241444
369 0.00215064
370 0.00186174
371 0.00157046
372 0.00129723
373 0.00105824
374 0.00086443
375 0.000721529
376 0.00063077
377 0.000590213
378 0.00185914
379 0.00188268
380 0.00197168
381 0.00210576
382 0.00225925
383 0.00240456
384 0.00251583
385 0.00257227
386 0.00256062
387 0.00247655
388 0.00232459
389 0.00211689
390 0.00187097
391 0.0016069
392 0.00134461
393 0.00110148
394 0.000890884
395 0.000721529
396 0.000597694
397 0.000520134
398 0.000487418
399 0.00177625
400 0.00180078
401 0.00188268
402 0.00200368
403 0.00213967
404 0.00226497
405 0.00235602
406 0.00239436
407 0.00236893
408 0.00227703
409 0.00212409
410 0.00192231
411 0.0016884
412 0.00144098
413 0.00119809
414 0.000975102
415 0.000783568
416 0.00063077
417 0.000520134
418 0.000452186
419 0.00042595
420 0.00174869
421 0.00177625
422 0.00185914
423 0.00197757
424 0.00210752
425 0.00222402
426 0.0023046
427 0.00233217
428 0.00229703
429 0.0021977
430 0.00204048
431 0.00183797
432 0.00160682
433 0.00136514
434 0.00113015
435 0.000916278
436 0.00073413
437 0.000590213
438 0.000487418
439 0.00042595
440 0.000403783
