# +-------------------------------------------------------------------------------+
# | Function values of vertices generated by GigaMesh - an application of the     |
# | IWR - University of Heidelberg, Germany                                       |
# +-------------------------------------------------------------------------------+
# | Contact: Hubert MARA <hubert.mara@iwr.uni-heidelberg.de>                      |
# +-------------------------------------------------------------------------------+
# | Mesh:       synthetic_square_Dirac_delta_function_30
# | - Vertices: 3721
# | - Faces:    7200
# | Timestamp:  Fri Nov 30 21:34:52 2018
# +-------------------------------------------------------------------------------+
0 4.31443e-20
1 8.44019e-20
2 2.93235e-19
3 1.11252e-18
4 4.13069e-18
5 1.47663e-17
6 5.0718e-17
7 1.67379e-16
8 5.30913e-16
9 1.61912e-15
10 4.74908e-15
11 1.34015e-14
12 3.63953e-14
13 9.51491e-14
14 2.39526e-13
15 5.80769e-13
16 1.35664e-12
17 3.05381e-12
18 6.62571e-12
19 1.3859e-11
20 2.79534e-11
21 5.43781e-11
22 1.02044e-10
23 1.84758e-10
24 3.22812e-10
25 5.4438e-10
26 8.86199e-10
27 1.39286e-09
28 2.11395e-09
29 3.09855e-09
30 4.38693e-09
31 6.00011e-09
32 7.92886e-09
33 1.01244e-08
34 1.24936e-08
35 1.49011e-08
36 1.71793e-08
37 1.91468e-08
38 2.06317e-08
39 2.14962e-08
40 2.1658e-08
41 2.11029e-08
42 1.98869e-08
43 1.8127e-08
44 1.59827e-08
45 1.36323e-08
46 1.12489e-08
47 8.98034e-09
48 6.93656e-09
49 5.18419e-09
50 3.74905e-09
51 2.62349e-09
52 1.7765e-09
53 1.16411e-09
54 7.38197e-10
55 4.53048e-10
56 2.69223e-10
57 1.55305e-10
58 8.81701e-11
59 5.27092e-11
60 4.21358e-11
61 8.44019e-20
62 1.6442e-19
63 5.57057e-19
64 2.08232e-18
65 7.64142e-18
66 2.70186e-17
67 9.18187e-17
68 2.99885e-16
69 9.41589e-16
70 2.8431e-15
71 8.25825e-15
72 2.30824e-14
73 6.21012e-14
74 1.60866e-13
75 4.01321e-13
76 9.64477e-13
77 2.23342e-12
78 4.98457e-12
79 1.07241e-11
80 2.22466e-11
81 4.45065e-11
82 8.58867e-11
83 1.59902e-10
84 2.87266e-10
85 4.98073e-10
86 8.33591e-10
87 1.3469e-09
88 2.10138e-09
89 3.16611e-09
90 4.60746e-09
91 6.47698e-09
92 8.79659e-09
93 1.15436e-08
94 1.4639e-08
95 1.79419e-08
96 2.12553e-08
97 2.43416e-08
98 2.69502e-08
99 2.885e-08
100 2.98637e-08
101 2.98945e-08
102 2.89419e-08
103 2.71009e-08
104 2.45467e-08
105 2.15073e-08
106 1.823e-08
107 1.49495e-08
108 1.1861e-08
109 9.1054e-09
110 6.76353e-09
111 4.8614e-09
112 3.38124e-09
113 2.27577e-09
114 1.48228e-09
115 9.34306e-10
116 5.69965e-10
117 3.36678e-10
118 1.93082e-10
119 1.09062e-10
120 6.51557e-11
121 5.27092e-11
122 2.93235e-19
123 5.57057e-19
124 1.81841e-18
125 6.64573e-18
126 2.39377e-17
127 8.3165e-17
128 2.7785e-16
129 8.92528e-16
130 2.75734e-15
131 8.19497e-15
132 2.34383e-14
133 6.45289e-14
134 1.71061e-13
135 4.36748e-13
136 1.07425e-12
137 2.54611e-12
138 5.81631e-12
139 1.28089e-11
140 2.71998e-11
141 5.57047e-11
142 1.10047e-10
143 2.09751e-10
144 3.85787e-10
145 6.84832e-10
146 1.17351e-09
147 1.94142e-09
148 3.10137e-09
149 4.78466e-09
150 7.12973e-09
151 1.02631e-08
152 1.42733e-08
153 1.91808e-08
154 2.4909e-08
155 3.12639e-08
156 3.79293e-08
157 4.44835e-08
158 5.04381e-08
159 5.52964e-08
160 5.86211e-08
161 6.00989e-08
162 5.95898e-08
163 5.71484e-08
164 5.30145e-08
165 4.75744e-08
166 4.13018e-08
167 3.46902e-08
168 2.8191e-08
169 2.21667e-08
170 1.68654e-08
171 1.2417e-08
172 8.84648e-09
173 6.09922e-09
174 4.06946e-09
175 2.62763e-09
176 1.64198e-09
177 9.93069e-10
178 5.81548e-10
179 3.30549e-10
180 1.8484e-10
181 1.09062e-10
182 8.81701e-11
183 1.11252e-18
184 2.08232e-18
185 6.64573e-18
186 2.37992e-17
187 8.40967e-17
188 2.86794e-16
189 9.40953e-16
190 2.96951e-15
191 9.0162e-15
192 2.63458e-14
193 7.41096e-14
194 2.00739e-13
195 5.23719e-13
196 1.31639e-12
197 3.18853e-12
198 7.44425e-12
199 1.6756e-11
200 3.63686e-11
201 7.61343e-11
202 1.5375e-10
203 2.99578e-10
204 5.63303e-10
205 1.02232e-09
206 1.79107e-09
207 3.02963e-09
208 4.94861e-09
209 7.8065e-09
210 1.18951e-08
211 1.75098e-08
212 2.49027e-08
213 3.42231e-08
214 4.54519e-08
215 5.83437e-08
216 7.23924e-08
217 8.68349e-08
218 1.00703e-07
219 1.12922e-07
220 1.22445e-07
221 1.28401e-07
222 1.30226e-07
223 1.2775e-07
224 1.21225e-07
225 1.11281e-07
226 9.88266e-08
227 8.49137e-08
228 7.05922e-08
229 5.67847e-08
230 4.41999e-08
231 3.32924e-08
232 2.4267e-08
233 1.71178e-08
234 1.16855e-08
235 7.7202e-09
236 4.93619e-09
237 3.05455e-09
238 1.82947e-09
239 1.06095e-09
240 5.9714e-10
241 3.30549e-10
242 1.93082e-10
243 1.55305e-10
244 4.13069e-18
245 7.64142e-18
246 2.39377e-17
247 8.40967e-17
248 2.9167e-16
249 9.76728e-16
250 3.148e-15
251 9.76286e-15
252 2.91404e-14
253 8.37358e-14
254 2.31709e-13
255 6.17596e-13
256 1.58601e-12
257 3.9251e-12
258 9.36352e-12
259 2.1536e-11
260 4.77662e-11
261 1.02186e-10
262 2.10893e-10
263 4.19963e-10
264 8.07079e-10
265 1.4971e-09
266 2.68091e-09
267 4.63534e-09
268 7.73951e-09
269 1.24807e-08
270 1.9441e-08
271 2.92557e-08
272 4.25371e-08
273 5.97649e-08
274 8.11514e-08
275 1.06504e-07
276 1.35115e-07
277 1.65712e-07
278 1.96498e-07
279 2.253e-07
280 2.49804e-07
281 2.67862e-07
282 2.778e-07
283 2.78674e-07
284 2.70418e-07
285 2.53852e-07
286 2.30545e-07
287 2.02578e-07
288 1.7223e-07
289 1.41688e-07
290 1.12792e-07
291 8.68898e-08
292 6.47762e-08
293 4.6734e-08
294 3.26311e-08
295 2.20506e-08
296 1.44214e-08
297 9.12834e-09
298 5.59222e-09
299 3.31597e-09
300 1.9039e-09
301 1.06095e-09
302 5.81548e-10
303 3.36678e-10
304 2.69223e-10
305 1.47663e-17
306 2.70186e-17
307 8.3165e-17
308 2.86794e-16
309 9.76728e-16
310 3.2131e-15
311 1.01769e-14
312 3.10271e-14
313 9.10728e-14
314 2.57438e-13
315 7.00979e-13
316 1.83906e-12
317 4.64999e-12
318 1.13336e-11
319 2.66343e-11
320 6.03619e-11
321 1.31953e-10
322 2.78285e-10
323 5.66316e-10
324 1.11224e-09
325 2.10856e-09
326 3.85912e-09
327 6.8198e-09
328 1.16386e-08
329 1.91841e-08
330 3.05455e-08
331 4.69872e-08
332 6.98377e-08
333 1.00307e-07
334 1.39238e-07
335 1.86817e-07
336 2.42298e-07
337 3.03813e-07
338 3.68322e-07
339 4.31773e-07
340 4.89471e-07
341 5.36637e-07
342 5.69051e-07
343 5.83677e-07
344 5.7913e-07
345 5.55894e-07
346 5.16236e-07
347 4.63842e-07
348 4.03257e-07
349 3.39239e-07
350 2.76161e-07
351 2.17556e-07
352 1.65861e-07
353 1.22376e-07
354 8.73863e-08
355 6.03935e-08
356 4.03965e-08
357 2.61524e-08
358 1.63867e-08
359 9.9379e-09
360 5.83369e-09
361 3.31597e-09
362 1.82947e-09
363 9.93069e-10
364 5.69965e-10
365 4.53048e-10
366 5.0718e-17
367 9.18187e-17
368 2.7785e-16
369 9.40953e-16
370 3.148e-15
371 1.01769e-14
372 3.16879e-14
373 9.50053e-14
374 2.74323e-13
375 7.63039e-13
376 2.04507e-12
377 5.28262e-12
378 1.31544e-11
379 3.15841e-11
380 7.31359e-11
381 1.6336e-10
382 3.52041e-10
383 7.32074e-10
384 1.46929e-09
385 2.84655e-09
386 5.3243e-09
387 9.61619e-09
388 1.67728e-08
389 2.82573e-08
390 4.59872e-08
391 7.23072e-08
392 1.09855e-07
393 1.61287e-07
394 2.28862e-07
395 3.13899e-07
396 4.16193e-07
397 5.33497e-07
398 6.61215e-07
399 7.92444e-07
400 9.18433e-07
401 1.02948e-06
402 1.11612e-06
403 1.17047e-06
404 1.18742e-06
405 1.16537e-06
406 1.10655e-06
407 1.01661e-06
408 9.03714e-07
409 7.77372e-07
410 6.47093e-07
411 5.2127e-07
412 4.06381e-07
413 3.06615e-07
414 2.239e-07
415 1.58243e-07
416 1.08247e-07
417 7.16684e-08
418 4.5927e-08
419 2.84863e-08
420 1.71016e-08
421 9.9379e-09
422 5.59222e-09
423 3.05455e-09
424 1.64198e-09
425 9.34306e-10
426 7.38197e-10
427 1.67379e-16
428 2.99885e-16
429 8.92528e-16
430 2.96951e-15
431 9.76286e-15
432 3.10271e-14
433 9.50053e-14
434 2.80201e-13
435 7.96131e-13
436 2.17969e-12
437 5.75179e-12
438 1.46322e-11
439 3.58927e-11
440 8.49156e-11
441 1.93792e-10
442 4.26715e-10
443 9.06711e-10
444 1.85954e-09
445 3.68145e-09
446 7.03687e-09
447 1.29883e-08
448 2.31527e-08
449 3.98647e-08
450 6.63086e-08
451 1.06562e-07
452 1.65478e-07
453 2.48333e-07
454 3.60192e-07
455 5.04994e-07
456 6.84443e-07
457 8.96872e-07
458 1.13634e-06
459 1.39222e-06
460 1.64957e-06
461 1.8903e-06
462 2.0952e-06
463 2.24639e-06
464 2.32992e-06
465 2.33788e-06
466 2.26965e-06
467 2.13195e-06
468 1.93775e-06
469 1.70429e-06
470 1.45057e-06
471 1.19481e-06
472 9.52446e-07
473 7.34817e-07
474 5.48691e-07
475 3.96548e-07
476 2.77391e-07
477 1.87812e-07
478 1.23081e-07
479 7.80728e-08
480 4.79344e-08
481 2.84863e-08
482 1.63867e-08
483 9.12834e-09
484 4.93619e-09
485 2.62763e-09
486 1.48228e-09
487 1.16411e-09
488 5.30913e-16
489 9.41589e-16
490 2.75734e-15
491 9.0162e-15
492 2.91404e-14
493 9.10728e-14
494 2.74323e-13
495 7.96131e-13
496 2.22651e-12
497 6.00178e-12
498 1.55973e-11
499 3.90867e-11
500 9.44728e-11
501 2.20277e-10
502 4.95565e-10
503 1.07592e-09
504 2.25464e-09
505 4.5611e-09
506 8.90889e-09
507 1.68037e-08
508 3.06111e-08
509 5.38645e-08
510 9.15663e-08
511 1.50395e-07
512 2.38698e-07
513 3.66127e-07
514 5.42791e-07
515 7.77855e-07
516 1.07764e-06
517 1.44344e-06
518 1.86948e-06
519 2.34139e-06
520 2.83595e-06
521 3.32222e-06
522 3.76444e-06
523 4.12615e-06
524 4.37516e-06
525 4.48825e-06
526 4.45472e-06
527 4.27809e-06
528 3.9755e-06
529 3.57491e-06
530 3.11095e-06
531 2.61996e-06
532 2.13542e-06
533 1.68452e-06
534 1.28614e-06
535 9.50447e-07
536 6.79836e-07
537 4.70678e-07
538 3.15422e-07
539 2.04603e-07
540 1.28464e-07
541 7.80728e-08
542 4.5927e-08
543 2.61524e-08
544 1.44214e-08
545 7.7202e-09
546 4.06946e-09
547 2.27577e-09
548 1.7765e-09
549 1.61912e-15
550 2.8431e-15
551 8.19497e-15
552 2.63458e-14
553 8.37358e-14
554 2.57438e-13
555 7.63039e-13
556 2.17969e-12
557 6.00178e-12
558 1.5933e-11
559 4.07885e-11
560 1.00715e-10
561 2.39912e-10
562 5.51433e-10
563 1.22319e-09
564 2.619e-09
565 5.41358e-09
566 1.08047e-08
567 2.08247e-08
568 3.87662e-08
569 6.97097e-08
570 1.21103e-07
571 2.0328e-07
572 3.29735e-07
573 5.16912e-07
574 7.83244e-07
575 1.14724e-06
576 1.62454e-06
577 2.22418e-06
578 2.9445e-06
579 3.76961e-06
580 4.66725e-06
581 5.58908e-06
582 6.47394e-06
583 7.254e-06
584 7.86319e-06
585 8.24632e-06
586 8.36738e-06
587 8.21509e-06
588 7.80463e-06
589 7.17517e-06
590 6.3837e-06
591 5.49656e-06
592 4.58042e-06
593 3.69429e-06
594 2.88391e-06
595 2.17905e-06
596 1.59367e-06
597 1.12819e-06
598 7.73078e-07
599 5.12773e-07
600 3.29222e-07
601 2.04603e-07
602 1.23081e-07
603 7.16684e-08
604 4.03965e-08
605 2.20506e-08
606 1.16855e-08
607 6.09922e-09
608 3.38124e-09
609 2.62349e-09
610 4.74908e-15
611 8.25825e-15
612 2.34383e-14
613 7.41096e-14
614 2.31709e-13
615 7.00979e-13
616 2.04507e-12
617 5.75179e-12
618 1.55973e-11
619 4.07885e-11
620 1.02886e-10
621 2.50374e-10
622 5.87926e-10
623 1.33239e-09
624 2.91471e-09
625 6.15575e-09
626 1.25533e-08
627 2.47226e-08
628 4.70271e-08
629 8.64136e-08
630 1.5341e-07
631 2.63156e-07
632 4.36233e-07
633 6.98902e-07
634 1.08232e-06
635 1.62025e-06
636 2.34498e-06
637 3.28147e-06
638 4.4403e-06
639 5.81043e-06
640 7.35348e-06
641 9.0012e-06
642 1.06578e-05
643 1.22073e-05
644 1.35267e-05
645 1.45015e-05
646 1.50421e-05
647 1.50974e-05
648 1.4663e-05
649 1.37812e-05
650 1.25348e-05
651 1.1034e-05
652 9.40053e-06
653 7.75155e-06
654 6.18665e-06
655 4.77931e-06
656 3.57378e-06
657 2.58672e-06
658 1.81233e-06
659 1.22913e-06
660 8.06911e-07
661 5.12773e-07
662 3.15422e-07
663 1.87812e-07
664 1.08247e-07
665 6.03935e-08
666 3.26311e-08
667 1.71178e-08
668 8.84648e-09
669 4.8614e-09
670 3.74905e-09
671 1.34015e-14
672 2.30824e-14
673 6.45289e-14
674 2.00739e-13
675 6.17596e-13
676 1.83906e-12
677 5.28262e-12
678 1.46322e-11
679 3.90867e-11
680 1.00715e-10
681 2.50374e-10
682 6.00619e-10
683 1.39059e-09
684 3.10789e-09
685 6.70612e-09
686 1.39728e-08
687 2.81167e-08
688 5.46488e-08
689 1.0261e-07
690 1.86144e-07
691 3.26296e-07
692 5.52752e-07
693 9.05013e-07
694 1.43229e-06
695 2.19133e-06
696 3.24136e-06
697 4.63584e-06
698 6.41142e-06
699 8.57514e-06
700 1.10924e-05
701 1.38785e-05
702 1.67967e-05
703 1.96655e-05
704 2.22746e-05
705 2.44101e-05
706 2.58828e-05
707 2.65558e-05
708 2.63656e-05
709 2.5332e-05
710 2.35544e-05
711 2.11965e-05
712 1.84615e-05
713 1.5563e-05
714 1.26986e-05
715 1.00292e-05
716 7.66722e-06
717 5.67383e-06
718 4.06432e-06
719 2.81824e-06
720 1.89168e-06
721 1.22913e-06
722 7.73078e-07
723 4.70678e-07
724 2.77391e-07
725 1.58243e-07
726 8.73863e-08
727 4.6734e-08
728 2.4267e-08
729 1.2417e-08
730 6.76353e-09
731 5.18419e-09
732 3.63953e-14
733 6.21012e-14
734 1.71061e-13
735 5.23719e-13
736 1.58601e-12
737 4.64999e-12
738 1.31544e-11
739 3.58927e-11
740 9.44728e-11
741 2.39912e-10
742 5.87926e-10
743 1.39059e-09
744 3.17509e-09
745 6.99945e-09
746 1.49002e-08
747 3.06341e-08
748 6.08367e-08
749 1.16716e-07
750 2.16352e-07
751 3.87532e-07
752 6.70845e-07
753 1.12242e-06
754 1.81531e-06
755 2.83831e-06
756 4.29062e-06
757 6.27155e-06
758 8.86468e-06
759 1.21178e-05
760 1.6021e-05
761 2.04879e-05
762 2.53441e-05
763 3.03294e-05
764 3.51143e-05
765 3.93338e-05
766 4.2632e-05
767 4.47114e-05
768 4.53772e-05
769 4.45672e-05
770 4.23615e-05
771 3.89694e-05
772 3.46968e-05
773 2.99009e-05
774 2.49415e-05
775 2.0138e-05
776 1.57389e-05
777 1.19071e-05
778 8.72008e-06
779 6.18184e-06
780 4.24232e-06
781 2.81824e-06
782 1.81233e-06
783 1.12819e-06
784 6.79836e-07
785 3.96548e-07
786 2.239e-07
787 1.22376e-07
788 6.47762e-08
789 3.32924e-08
790 1.68654e-08
791 9.1054e-09
792 6.93656e-09
793 9.51491e-14
794 1.60866e-13
795 4.36748e-13
796 1.31639e-12
797 3.9251e-12
798 1.13336e-11
799 3.15841e-11
800 8.49156e-11
801 2.20277e-10
802 5.51433e-10
803 1.33239e-09
804 3.10789e-09
805 6.99945e-09
806 1.52228e-08
807 3.1976e-08
808 6.48802e-08
809 1.2718e-07
810 2.40881e-07
811 4.40876e-07
812 7.79847e-07
813 1.33332e-06
814 2.2036e-06
815 3.5209e-06
816 5.43925e-06
817 8.12511e-06
818 1.17372e-05
819 1.63975e-05
820 2.21568e-05
821 2.89593e-05
822 3.66143e-05
823 4.47844e-05
824 5.2996e-05
825 6.06777e-05
826 6.72218e-05
827 7.20628e-05
828 7.47574e-05
829 7.50517e-05
830 7.29208e-05
831 6.85717e-05
832 6.24104e-05
833 5.49799e-05
834 4.68813e-05
835 3.8695e-05
836 3.09159e-05
837 2.39105e-05
838 1.79011e-05
839 1.29737e-05
840 9.10214e-06
841 6.18184e-06
842 4.06432e-06
843 2.58672e-06
844 1.59367e-06
845 9.50447e-07
846 5.48691e-07
847 3.06615e-07
848 1.65861e-07
849 8.68898e-08
850 4.41999e-08
851 2.21667e-08
852 1.1861e-08
853 8.98034e-09
854 2.39526e-13
855 4.01321e-13
856 1.07425e-12
857 3.18853e-12
858 9.36352e-12
859 2.66343e-11
860 7.31359e-11
861 1.93792e-10
862 4.95565e-10
863 1.22319e-09
864 2.91471e-09
865 6.70612e-09
866 1.49002e-08
867 3.1976e-08
868 6.62868e-08
869 1.32758e-07
870 2.56912e-07
871 4.80451e-07
872 8.68372e-07
873 1.51706e-06
874 2.56207e-06
875 4.18321e-06
876 6.60393e-06
877 1.00812e-05
878 1.48824e-05
879 2.12484e-05
880 2.93431e-05
881 3.91961e-05
882 5.06489e-05
883 6.33167e-05
884 7.65801e-05
885 8.96168e-05
886 0.000101476
887 0.00011119
888 0.000117901
889 0.000120986
890 0.000120156
891 0.000115495
892 0.000107449
893 9.67577e-05
894 8.43374e-05
895 7.11574e-05
896 5.81161e-05
897 4.5947e-05
898 3.51649e-05
899 2.60531e-05
900 1.86858e-05
901 1.29737e-05
902 8.72008e-06
903 5.67383e-06
904 3.57378e-06
905 2.17905e-06
906 1.28614e-06
907 7.34817e-07
908 4.06381e-07
909 2.17556e-07
910 1.12792e-07
911 5.67847e-08
912 2.8191e-08
913 1.49495e-08
914 1.12489e-08
915 5.80769e-13
916 9.64477e-13
917 2.54611e-12
918 7.44425e-12
919 2.1536e-11
920 6.03619e-11
921 1.6336e-10
922 4.26715e-10
923 1.07592e-09
924 2.619e-09
925 6.15575e-09
926 1.39728e-08
927 3.06341e-08
928 6.48802e-08
929 1.32758e-07
930 2.62489e-07
931 5.01549e-07
932 9.26232e-07
933 1.6534e-06
934 2.85323e-06
935 4.76035e-06
936 7.67937e-06
937 1.19795e-05
938 1.80723e-05
939 2.63688e-05
940 3.72135e-05
941 5.08018e-05
942 6.70898e-05
943 8.5716e-05
944 0.000105956
945 0.000126727
946 0.000146665
947 0.000164253
948 0.000178014
949 0.000186711
950 0.000189532
951 0.000186212
952 0.000177077
953 0.00016299
954 0.000145217
955 0.000125241
956 0.000104557
957 8.44992e-05
958 6.6107e-05
959 5.00662e-05
960 3.67069e-05
961 2.60531e-05
962 1.79011e-05
963 1.19071e-05
964 7.66722e-06
965 4.77931e-06
966 2.88391e-06
967 1.68452e-06
968 9.52446e-07
969 5.2127e-07
970 2.76161e-07
971 1.41688e-07
972 7.05922e-08
973 3.46902e-08
974 1.823e-08
975 1.36323e-08
976 1.35664e-12
977 2.23342e-12
978 5.81631e-12
979 1.6756e-11
980 4.77662e-11
981 1.31953e-10
982 3.52041e-10
983 9.06711e-10
984 2.25464e-09
985 5.41358e-09
986 1.25533e-08
987 2.81167e-08
988 6.08367e-08
989 1.2718e-07
990 2.56912e-07
991 5.01549e-07
992 9.46362e-07
993 1.7261e-06
994 3.04356e-06
995 5.18863e-06
996 8.55302e-06
997 1.3634e-05
998 2.10183e-05
999 3.13388e-05
1000 4.51972e-05
1001 6.30545e-05
1002 8.50998e-05
1003 0.000111116
1004 0.000140375
1005 0.000171591
1006 0.000202961
1007 0.000232312
1008 0.00025733
1009 0.000275861
1010 0.000286213
1011 0.000287414
1012 0.000279358
1013 0.000262822
1014 0.000239346
1015 0.000210992
1016 0.000180049
1017 0.000148734
1018 0.00011894
1019 9.20779e-05
1020 6.9007e-05
1021 5.00662e-05
1022 3.51649e-05
1023 2.39105e-05
1024 1.57389e-05
1025 1.00292e-05
1026 6.18665e-06
1027 3.69429e-06
1028 2.13542e-06
1029 1.19481e-06
1030 6.47093e-07
1031 3.39239e-07
1032 1.7223e-07
1033 8.49137e-08
1034 4.13018e-08
1035 2.15073e-08
1036 1.59827e-08
1037 3.05381e-12
1038 4.98457e-12
1039 1.28089e-11
1040 3.63686e-11
1041 1.02186e-10
1042 2.78285e-10
1043 7.32074e-10
1044 1.85954e-09
1045 4.5611e-09
1046 1.08047e-08
1047 2.47226e-08
1048 5.46488e-08
1049 1.16716e-07
1050 2.40881e-07
1051 4.80451e-07
1052 9.26232e-07
1053 1.7261e-06
1054 3.10978e-06
1055 5.41699e-06
1056 9.12415e-06
1057 1.48618e-05
1058 2.34118e-05
1059 3.5671e-05
1060 5.25714e-05
1061 7.49494e-05
1062 0.000103372
1063 0.000137937
1064 0.000178087
1065 0.000222474
1066 0.000268936
1067 0.000314604
1068 0.000356161
1069 0.000390225
1070 0.0004138
1071 0.000424705
1072 0.000421915
1073 0.000405709
1074 0.000377635
1075 0.000340258
1076 0.00029678
1077 0.000250587
1078 0.000204827
1079 0.000162079
1080 0.00012416
1081 9.20779e-05
1082 6.6107e-05
1083 4.5947e-05
1084 3.09159e-05
1085 2.0138e-05
1086 1.26986e-05
1087 7.75155e-06
1088 4.58042e-06
1089 2.61996e-06
1090 1.45057e-06
1091 7.77372e-07
1092 4.03257e-07
1093 2.02578e-07
1094 9.88266e-08
1095 4.75744e-08
1096 2.45467e-08
1097 1.8127e-08
1098 6.62571e-12
1099 1.07241e-11
1100 2.71998e-11
1101 7.61343e-11
1102 2.10893e-10
1103 5.66316e-10
1104 1.46929e-09
1105 3.68145e-09
1106 8.90889e-09
1107 2.08247e-08
1108 4.70271e-08
1109 1.0261e-07
1110 2.16352e-07
1111 4.40876e-07
1112 8.68372e-07
1113 1.6534e-06
1114 3.04356e-06
1115 5.41699e-06
1116 9.32287e-06
1117 1.55166e-05
1118 2.49766e-05
1119 3.88866e-05
1120 5.85635e-05
1121 8.53193e-05
1122 0.000120252
1123 0.000163979
1124 0.000216353
1125 0.000276212
1126 0.000341233
1127 0.000407954
1128 0.000472002
1129 0.00052853
1130 0.000572803
1131 0.000600855
1132 0.000610067
1133 0.000599575
1134 0.000570402
1135 0.000525292
1136 0.000468289
1137 0.000404137
1138 0.000337638
1139 0.00027308
1140 0.00021382
1141 0.000162079
1142 0.00011894
1143 8.44992e-05
1144 5.81161e-05
1145 3.8695e-05
1146 2.49415e-05
1147 1.5563e-05
1148 9.40053e-06
1149 5.49656e-06
1150 3.11095e-06
1151 1.70429e-06
1152 9.03714e-07
1153 4.63842e-07
1154 2.30545e-07
1155 1.11281e-07
1156 5.30145e-08
1157 2.71009e-08
1158 1.98869e-08
1159 1.3859e-11
1160 2.22466e-11
1161 5.57047e-11
1162 1.5375e-10
1163 4.19963e-10
1164 1.11224e-09
1165 2.84655e-09
1166 7.03687e-09
1167 1.68037e-08
1168 3.87662e-08
1169 8.64136e-08
1170 1.86144e-07
1171 3.87532e-07
1172 7.79847e-07
1173 1.51706e-06
1174 2.85323e-06
1175 5.18863e-06
1176 9.12415e-06
1177 1.55166e-05
1178 2.55211e-05
1179 4.06013e-05
1180 6.24813e-05
1181 9.30168e-05
1182 0.000133969
1183 0.000186684
1184 0.000251707
1185 0.000328395
1186 0.000414603
1187 0.000506554
1188 0.000598961
1189 0.000685438
1190 0.000759197
1191 0.000813905
1192 0.00084458
1193 0.000848341
1194 0.00082485
1195 0.000776366
1196 0.000707382
1197 0.000623945
1198 0.000532784
1199 0.000440427
1200 0.000352468
1201 0.00027308
1202 0.000204827
1203 0.000148734
1204 0.000104557
1205 7.11574e-05
1206 4.68813e-05
1207 2.99009e-05
1208 1.84615e-05
1209 1.1034e-05
1210 6.3837e-06
1211 3.57491e-06
1212 1.93775e-06
1213 1.01661e-06
1214 5.16236e-07
1215 2.53852e-07
1216 1.21225e-07
1217 5.71484e-08
1218 2.89419e-08
1219 2.11029e-08
1220 2.79534e-11
1221 4.45065e-11
1222 1.10047e-10
1223 2.99578e-10
1224 8.07079e-10
1225 2.10856e-09
1226 5.3243e-09
1227 1.29883e-08
1228 3.06111e-08
1229 6.97097e-08
1230 1.5341e-07
1231 3.26296e-07
1232 6.70845e-07
1233 1.33332e-06
1234 2.56207e-06
1235 4.76035e-06
1236 8.55302e-06
1237 1.48618e-05
1238 2.49766e-05
1239 4.06013e-05
1240 6.38446e-05
1241 9.71219e-05
1242 0.000142939
1243 0.00020354
1244 0.000280441
1245 0.000373898
1246 0.000482398
1247 0.000602314
1248 0.00072782
1249 0.000851193
1250 0.000963504
1251 0.00105564
1252 0.00111952
1253 0.00114925
1254 0.00114203
1255 0.00109857
1256 0.001023
1257 0.000922224
1258 0.000804842
1259 0.000679995
1260 0.000556194
1261 0.000440427
1262 0.000337638
1263 0.000250587
1264 0.000180049
1265 0.000125241
1266 8.43374e-05
1267 5.49799e-05
1268 3.46968e-05
1269 2.11965e-05
1270 1.25348e-05
1271 7.17517e-06
1272 3.9755e-06
1273 2.13195e-06
1274 1.10655e-06
1275 5.55894e-07
1276 2.70418e-07
1277 1.2775e-07
1278 5.95898e-08
1279 2.98945e-08
1280 2.1658e-08
1281 5.43781e-11
1282 8.58867e-11
1283 2.09751e-10
1284 5.63303e-10
1285 1.4971e-09
1286 3.85912e-09
1287 9.61619e-09
1288 2.31527e-08
1289 5.38645e-08
1290 1.21103e-07
1291 2.63156e-07
1292 5.52752e-07
1293 1.12242e-06
1294 2.2036e-06
1295 4.18321e-06
1296 7.67937e-06
1297 1.3634e-05
1298 2.34118e-05
1299 3.88866e-05
1300 6.24813e-05
1301 9.71219e-05
1302 0.00014606
1303 0.000212529
1304 0.000299231
1305 0.00040768
1306 0.000537502
1307 0.000685821
1308 0.000846899
1309 0.00101219
1310 0.00117089
1311 0.00131103
1312 0.00142092
1313 0.00149071
1314 0.00151391
1315 0.00148834
1316 0.00141646
1317 0.00130503
1318 0.001164
1319 0.0010051
1320 0.000840218
1321 0.000679995
1322 0.000532784
1323 0.000404137
1324 0.00029678
1325 0.000210992
1326 0.000145217
1327 9.67577e-05
1328 6.24104e-05
1329 3.89694e-05
1330 2.35544e-05
1331 1.37812e-05
1332 7.80463e-06
1333 4.27809e-06
1334 2.26965e-06
1335 1.16537e-06
1336 5.7913e-07
1337 2.78674e-07
1338 1.30226e-07
1339 6.00989e-08
1340 2.98637e-08
1341 2.14962e-08
1342 1.02044e-10
1343 1.59902e-10
1344 3.85787e-10
1345 1.02232e-09
1346 2.68091e-09
1347 6.8198e-09
1348 1.67728e-08
1349 3.98647e-08
1350 9.15663e-08
1351 2.0328e-07
1352 4.36233e-07
1353 9.05013e-07
1354 1.81531e-06
1355 3.5209e-06
1356 6.60393e-06
1357 1.19795e-05
1358 2.10183e-05
1359 3.5671e-05
1360 5.85635e-05
1361 9.30168e-05
1362 0.000142939
1363 0.000212529
1364 0.000305769
1365 0.000425697
1366 0.000573538
1367 0.000747823
1368 0.000943693
1369 0.00115259
1370 0.00136255
1371 0.00155911
1372 0.00172688
1373 0.00185148
1374 0.00192161
1375 0.00193066
1376 0.00187782
1377 0.00176813
1378 0.00161174
1379 0.00142234
1380 0.00121518
1381 0.0010051
1382 0.000804842
1383 0.000623945
1384 0.000468289
1385 0.000340258
1386 0.000239346
1387 0.00016299
1388 0.000107449
1389 6.85717e-05
1390 4.23615e-05
1391 2.5332e-05
1392 1.4663e-05
1393 8.21509e-06
1394 4.45472e-06
1395 2.33788e-06
1396 1.18742e-06
1397 5.83677e-07
1398 2.778e-07
1399 1.28401e-07
1400 5.86211e-08
1401 2.885e-08
1402 2.06317e-08
1403 1.84758e-10
1404 2.87266e-10
1405 6.84832e-10
1406 1.79107e-09
1407 4.63534e-09
1408 1.16386e-08
1409 2.82573e-08
1410 6.63086e-08
1411 1.50395e-07
1412 3.29735e-07
1413 6.98902e-07
1414 1.43229e-06
1415 2.83831e-06
1416 5.43925e-06
1417 1.00812e-05
1418 1.80723e-05
1419 3.13388e-05
1420 5.25714e-05
1421 8.53193e-05
1422 0.000133969
1423 0.00020354
1424 0.000299231
1425 0.000425697
1426 0.000586078
1427 0.000780893
1428 0.001007
1429 0.00125685
1430 0.00151836
1431 0.00177548
1432 0.00200966
1433 0.00220195
1434 0.00233551
1435 0.00239803
1436 0.00238362
1437 0.0022937
1438 0.00213677
1439 0.00192711
1440 0.00168263
1441 0.00142234
1442 0.001164
1443 0.000922224
1444 0.000707382
1445 0.000525292
1446 0.000377635
1447 0.000262822
1448 0.000177077
1449 0.000115495
1450 7.29208e-05
1451 4.45672e-05
1452 2.63656e-05
1453 1.50974e-05
1454 8.36738e-06
1455 4.48825e-06
1456 2.32992e-06
1457 1.17047e-06
1458 5.69051e-07
1459 2.67862e-07
1460 1.22445e-07
1461 5.52964e-08
1462 2.69502e-08
1463 1.91468e-08
1464 3.22812e-10
1465 4.98073e-10
1466 1.17351e-09
1467 3.02963e-09
1468 7.73951e-09
1469 1.91841e-08
1470 4.59872e-08
1471 1.06562e-07
1472 2.38698e-07
1473 5.16912e-07
1474 1.08232e-06
1475 2.19133e-06
1476 4.29062e-06
1477 8.12511e-06
1478 1.48824e-05
1479 2.63688e-05
1480 4.51972e-05
1481 7.49494e-05
1482 0.000120252
1483 0.000186684
1484 0.000280441
1485 0.00040768
1486 0.000573538
1487 0.000780893
1488 0.00102903
1489 0.00131246
1490 0.00162026
1491 0.00193614
1492 0.00223955
1493 0.00250763
1494 0.00271807
1495 0.00285207
1496 0.00289715
1497 0.00284905
1498 0.0027124
1499 0.00249999
1500 0.00223077
1501 0.00192711
1502 0.00161174
1503 0.00130503
1504 0.001023
1505 0.000776366
1506 0.000570402
1507 0.000405709
1508 0.000279358
1509 0.000186212
1510 0.000120156
1511 7.50517e-05
1512 4.53772e-05
1513 2.65558e-05
1514 1.50421e-05
1515 8.24632e-06
1516 4.37516e-06
1517 2.24639e-06
1518 1.11612e-06
1519 5.36637e-07
1520 2.49804e-07
1521 1.12922e-07
1522 5.04381e-08
1523 2.43416e-08
1524 1.71793e-08
1525 5.4438e-10
1526 8.33591e-10
1527 1.94142e-09
1528 4.94861e-09
1529 1.24807e-08
1530 3.05455e-08
1531 7.23072e-08
1532 1.65478e-07
1533 3.66127e-07
1534 7.83244e-07
1535 1.62025e-06
1536 3.24136e-06
1537 6.27155e-06
1538 1.17372e-05
1539 2.12484e-05
1540 3.72135e-05
1541 6.30545e-05
1542 0.000103372
1543 0.000163979
1544 0.000251707
1545 0.000373898
1546 0.000537502
1547 0.000747823
1548 0.001007
1549 0.00131246
1550 0.00165572
1551 0.00202184
1552 0.0023899
1553 0.00273463
1554 0.00302909
1555 0.00324812
1556 0.00337182
1557 0.00338858
1558 0.00329684
1559 0.00310534
1560 0.00283175
1561 0.00249999
1562 0.00213677
1563 0.00176813
1564 0.00141646
1565 0.00109857
1566 0.00082485
1567 0.000599575
1568 0.000421915
1569 0.000287414
1570 0.000189532
1571 0.000120986
1572 7.47574e-05
1573 4.47114e-05
1574 2.58828e-05
1575 1.45015e-05
1576 7.86319e-06
1577 4.12615e-06
1578 2.0952e-06
1579 1.02948e-06
1580 4.89471e-07
1581 2.253e-07
1582 1.00703e-07
1583 4.44835e-08
1584 2.12553e-08
1585 1.49011e-08
1586 8.86199e-10
1587 1.3469e-09
1588 3.10137e-09
1589 7.8065e-09
1590 1.9441e-08
1591 4.69872e-08
1592 1.09855e-07
1593 2.48333e-07
1594 5.42791e-07
1595 1.14724e-06
1596 2.34498e-06
1597 4.63584e-06
1598 8.86468e-06
1599 1.63975e-05
1600 2.93431e-05
1601 5.08018e-05
1602 8.50998e-05
1603 0.000137937
1604 0.000216353
1605 0.000328395
1606 0.000482398
1607 0.000685821
1608 0.000943693
1609 0.00125685
1610 0.00162026
1611 0.00202184
1612 0.00244223
1613 0.00285571
1614 0.00323252
1615 0.00354222
1616 0.00375773
1617 0.00385921
1618 0.00383707
1619 0.00369346
1620 0.00344194
1621 0.00310534
1622 0.0027124
1623 0.0022937
1624 0.00187782
1625 0.00148834
1626 0.00114203
1627 0.000848341
1628 0.000610067
1629 0.000424705
1630 0.000286213
1631 0.000186711
1632 0.000117901
1633 7.20628e-05
1634 4.2632e-05
1635 2.44101e-05
1636 1.35267e-05
1637 7.254e-06
1638 3.76444e-06
1639 1.8903e-06
1640 9.18433e-07
1641 4.31773e-07
1642 1.96498e-07
1643 8.68349e-08
1644 3.79293e-08
1645 1.79419e-08
1646 1.24936e-08
1647 1.39286e-09
1648 2.10138e-09
1649 4.78466e-09
1650 1.18951e-08
1651 2.92557e-08
1652 6.98377e-08
1653 1.61287e-07
1654 3.60192e-07
1655 7.77855e-07
1656 1.62454e-06
1657 3.28147e-06
1658 6.41142e-06
1659 1.21178e-05
1660 2.21568e-05
1661 3.91961e-05
1662 6.70898e-05
1663 0.000111116
1664 0.000178087
1665 0.000276212
1666 0.000414603
1667 0.000602314
1668 0.000846899
1669 0.00115259
1670 0.00151836
1671 0.00193614
1672 0.0023899
1673 0.00285571
1674 0.00330331
1675 0.0036991
1676 0.00401014
1677 0.0042087
1678 0.00427628
1679 0.00420647
1680 0.00400596
1681 0.00369346
1682 0.00329684
1683 0.00284905
1684 0.00238362
1685 0.00193066
1686 0.00151391
1687 0.00114925
1688 0.00084458
1689 0.000600855
1690 0.0004138
1691 0.000275861
1692 0.000178014
1693 0.00011119
1694 6.72218e-05
1695 3.93338e-05
1696 2.22746e-05
1697 1.22073e-05
1698 6.47394e-06
1699 3.32222e-06
1700 1.64957e-06
1701 7.92444e-07
1702 3.68322e-07
1703 1.65712e-07
1704 7.23924e-08
1705 3.12639e-08
1706 1.4639e-08
1707 1.01244e-08
1708 2.11395e-09
1709 3.16611e-09
1710 7.12973e-09
1711 1.75098e-08
1712 4.25371e-08
1713 1.00307e-07
1714 2.28862e-07
1715 5.04994e-07
1716 1.07764e-06
1717 2.22418e-06
1718 4.4403e-06
1719 8.57514e-06
1720 1.6021e-05
1721 2.89593e-05
1722 5.06489e-05
1723 8.5716e-05
1724 0.000140375
1725 0.000222474
1726 0.000341233
1727 0.000506554
1728 0.00072782
1729 0.00101219
1730 0.00136255
1731 0.00177548
1732 0.00223955
1733 0.00273463
1734 0.00323252
1735 0.0036991
1736 0.00409799
1737 0.00439513
1738 0.00456356
1739 0.00458745
1740 0.00446453
1741 0.00420647
1742 0.00383707
1743 0.00338858
1744 0.00289715
1745 0.00239803
1746 0.00192161
1747 0.00149071
1748 0.00111952
1749 0.000813905
1750 0.000572803
1751 0.000390225
1752 0.00025733
1753 0.000164253
1754 0.000101476
1755 6.06777e-05
1756 3.51143e-05
1757 1.96655e-05
1758 1.06578e-05
1759 5.58908e-06
1760 2.83595e-06
1761 1.39222e-06
1762 6.61215e-07
1763 3.03813e-07
1764 1.35115e-07
1765 5.83437e-08
1766 2.4909e-08
1767 1.15436e-08
1768 7.92886e-09
1769 3.09855e-09
1770 4.60746e-09
1771 1.02631e-08
1772 2.49027e-08
1773 5.97649e-08
1774 1.39238e-07
1775 3.13899e-07
1776 6.84443e-07
1777 1.44344e-06
1778 2.9445e-06
1779 5.81043e-06
1780 1.10924e-05
1781 2.04879e-05
1782 3.66143e-05
1783 6.33167e-05
1784 0.000105956
1785 0.000171591
1786 0.000268936
1787 0.000407954
1788 0.000598961
1789 0.000851193
1790 0.00117089
1791 0.00155911
1792 0.00200966
1793 0.00250763
1794 0.00302909
1795 0.00354222
1796 0.00401014
1797 0.00439513
1798 0.00466354
1799 0.00479067
1800 0.00476447
1801 0.00458745
1802 0.00427628
1803 0.00385921
1804 0.00337182
1805 0.00285207
1806 0.00233551
1807 0.00185148
1808 0.00142092
1809 0.00105564
1810 0.000759197
1811 0.00052853
1812 0.000356161
1813 0.000232312
1814 0.000146665
1815 8.96168e-05
1816 5.2996e-05
1817 3.03294e-05
1818 1.67967e-05
1819 9.0012e-06
1820 4.66725e-06
1821 2.34139e-06
1822 1.13634e-06
1823 5.33497e-07
1824 2.42298e-07
1825 1.06504e-07
1826 4.54519e-08
1827 1.91808e-08
1828 8.79659e-09
1829 6.00011e-09
1830 4.38693e-09
1831 6.47698e-09
1832 1.42733e-08
1833 3.42231e-08
1834 8.11514e-08
1835 1.86817e-07
1836 4.16193e-07
1837 8.96872e-07
1838 1.86948e-06
1839 3.76961e-06
1840 7.35348e-06
1841 1.38785e-05
1842 2.53441e-05
1843 4.47844e-05
1844 7.65801e-05
1845 0.000126727
1846 0.000202961
1847 0.000314604
1848 0.000472002
1849 0.000685438
1850 0.000963504
1851 0.00131103
1852 0.00172688
1853 0.00220195
1854 0.00271807
1855 0.00324812
1856 0.00375773
1857 0.0042087
1858 0.00456356
1859 0.00479067
1860 0.00486885
1861 0.00479067
1862 0.00456356
1863 0.0042087
1864 0.00375773
1865 0.00324812
1866 0.00271807
1867 0.00220195
1868 0.00172688
1869 0.00131103
1870 0.000963504
1871 0.000685438
1872 0.000472002
1873 0.000314604
1874 0.000202961
1875 0.000126727
1876 7.65801e-05
1877 4.47844e-05
1878 2.53441e-05
1879 1.38785e-05
1880 7.35348e-06
1881 3.76961e-06
1882 1.86948e-06
1883 8.96872e-07
1884 4.16193e-07
1885 1.86817e-07
1886 8.11514e-08
1887 3.42231e-08
1888 1.42733e-08
1889 6.47698e-09
1890 4.38693e-09
1891 6.00011e-09
1892 8.79659e-09
1893 1.91808e-08
1894 4.54519e-08
1895 1.06504e-07
1896 2.42298e-07
1897 5.33497e-07
1898 1.13634e-06
1899 2.34139e-06
1900 4.66725e-06
1901 9.0012e-06
1902 1.67967e-05
1903 3.03294e-05
1904 5.2996e-05
1905 8.96168e-05
1906 0.000146665
1907 0.000232312
1908 0.000356161
1909 0.00052853
1910 0.000759197
1911 0.00105564
1912 0.00142092
1913 0.00185148
1914 0.00233551
1915 0.00285207
1916 0.00337182
1917 0.00385921
1918 0.00427628
1919 0.00458745
1920 0.00476447
1921 0.00479067
1922 0.00466354
1923 0.00439513
1924 0.00401014
1925 0.00354222
1926 0.00302909
1927 0.00250763
1928 0.00200966
1929 0.00155911
1930 0.00117089
1931 0.000851193
1932 0.000598961
1933 0.000407954
1934 0.000268936
1935 0.000171591
1936 0.000105956
1937 6.33167e-05
1938 3.66143e-05
1939 2.04879e-05
1940 1.10924e-05
1941 5.81043e-06
1942 2.9445e-06
1943 1.44344e-06
1944 6.84443e-07
1945 3.13899e-07
1946 1.39238e-07
1947 5.97649e-08
1948 2.49027e-08
1949 1.02631e-08
1950 4.60746e-09
1951 3.09855e-09
1952 7.92886e-09
1953 1.15436e-08
1954 2.4909e-08
1955 5.83437e-08
1956 1.35115e-07
1957 3.03813e-07
1958 6.61215e-07
1959 1.39222e-06
1960 2.83595e-06
1961 5.58908e-06
1962 1.06578e-05
1963 1.96655e-05
1964 3.51143e-05
1965 6.06777e-05
1966 0.000101476
1967 0.000164253
1968 0.00025733
1969 0.000390225
1970 0.000572803
1971 0.000813905
1972 0.00111952
1973 0.00149071
1974 0.00192161
1975 0.00239803
1976 0.00289715
1977 0.00338858
1978 0.00383707
1979 0.00420647
1980 0.00446453
1981 0.00458745
1982 0.00456356
1983 0.00439513
1984 0.00409799
1985 0.0036991
1986 0.00323252
1987 0.00273463
1988 0.00223955
1989 0.00177548
1990 0.00136255
1991 0.00101219
1992 0.00072782
1993 0.000506554
1994 0.000341233
1995 0.000222474
1996 0.000140375
1997 8.5716e-05
1998 5.06489e-05
1999 2.89593e-05
2000 1.6021e-05
2001 8.57514e-06
2002 4.4403e-06
2003 2.22418e-06
2004 1.07764e-06
2005 5.04994e-07
2006 2.28862e-07
2007 1.00307e-07
2008 4.25371e-08
2009 1.75098e-08
2010 7.12973e-09
2011 3.16611e-09
2012 2.11395e-09
2013 1.01244e-08
2014 1.4639e-08
2015 3.12639e-08
2016 7.23924e-08
2017 1.65712e-07
2018 3.68322e-07
2019 7.92444e-07
2020 1.64957e-06
2021 3.32222e-06
2022 6.47394e-06
2023 1.22073e-05
2024 2.22746e-05
2025 3.93338e-05
2026 6.72218e-05
2027 0.00011119
2028 0.000178014
2029 0.000275861
2030 0.0004138
2031 0.000600855
2032 0.00084458
2033 0.00114925
2034 0.00151391
2035 0.00193066
2036 0.00238362
2037 0.00284905
2038 0.00329684
2039 0.00369346
2040 0.00400596
2041 0.00420647
2042 0.00427628
2043 0.0042087
2044 0.00401014
2045 0.0036991
2046 0.00330331
2047 0.00285571
2048 0.0023899
2049 0.00193614
2050 0.00151836
2051 0.00115259
2052 0.000846899
2053 0.000602314
2054 0.000414603
2055 0.000276212
2056 0.000178087
2057 0.000111116
2058 6.70898e-05
2059 3.91961e-05
2060 2.21568e-05
2061 1.21178e-05
2062 6.41142e-06
2063 3.28147e-06
2064 1.62454e-06
2065 7.77855e-07
2066 3.60192e-07
2067 1.61287e-07
2068 6.98377e-08
2069 2.92557e-08
2070 1.18951e-08
2071 4.78466e-09
2072 2.10138e-09
2073 1.39286e-09
2074 1.24936e-08
2075 1.79419e-08
2076 3.79293e-08
2077 8.68349e-08
2078 1.96498e-07
2079 4.31773e-07
2080 9.18433e-07
2081 1.8903e-06
2082 3.76444e-06
2083 7.254e-06
2084 1.35267e-05
2085 2.44101e-05
2086 4.2632e-05
2087 7.20628e-05
2088 0.000117901
2089 0.000186711
2090 0.000286213
2091 0.000424705
2092 0.000610067
2093 0.000848341
2094 0.00114203
2095 0.00148834
2096 0.00187782
2097 0.0022937
2098 0.0027124
2099 0.00310534
2100 0.00344194
2101 0.00369346
2102 0.00383707
2103 0.00385921
2104 0.00375773
2105 0.00354222
2106 0.00323252
2107 0.00285571
2108 0.00244223
2109 0.00202184
2110 0.00162026
2111 0.00125685
2112 0.000943693
2113 0.000685821
2114 0.000482398
2115 0.000328395
2116 0.000216353
2117 0.000137937
2118 8.50998e-05
2119 5.08018e-05
2120 2.93431e-05
2121 1.63975e-05
2122 8.86468e-06
2123 4.63584e-06
2124 2.34498e-06
2125 1.14724e-06
2126 5.42791e-07
2127 2.48333e-07
2128 1.09855e-07
2129 4.69872e-08
2130 1.9441e-08
2131 7.8065e-09
2132 3.10137e-09
2133 1.3469e-09
2134 8.86199e-10
2135 1.49011e-08
2136 2.12553e-08
2137 4.44835e-08
2138 1.00703e-07
2139 2.253e-07
2140 4.89471e-07
2141 1.02948e-06
2142 2.0952e-06
2143 4.12615e-06
2144 7.86319e-06
2145 1.45015e-05
2146 2.58828e-05
2147 4.47114e-05
2148 7.47574e-05
2149 0.000120986
2150 0.000189532
2151 0.000287414
2152 0.000421915
2153 0.000599575
2154 0.00082485
2155 0.00109857
2156 0.00141646
2157 0.00176813
2158 0.00213677
2159 0.00249999
2160 0.00283175
2161 0.00310534
2162 0.00329684
2163 0.00338858
2164 0.00337182
2165 0.00324812
2166 0.00302909
2167 0.00273463
2168 0.0023899
2169 0.00202184
2170 0.00165572
2171 0.00131246
2172 0.001007
2173 0.000747823
2174 0.000537502
2175 0.000373898
2176 0.000251707
2177 0.000163979
2178 0.000103372
2179 6.30545e-05
2180 3.72135e-05
2181 2.12484e-05
2182 1.17372e-05
2183 6.27155e-06
2184 3.24136e-06
2185 1.62025e-06
2186 7.83244e-07
2187 3.66127e-07
2188 1.65478e-07
2189 7.23072e-08
2190 3.05455e-08
2191 1.24807e-08
2192 4.94861e-09
2193 1.94142e-09
2194 8.33591e-10
2195 5.4438e-10
2196 1.71793e-08
2197 2.43416e-08
2198 5.04381e-08
2199 1.12922e-07
2200 2.49804e-07
2201 5.36637e-07
2202 1.11612e-06
2203 2.24639e-06
2204 4.37516e-06
2205 8.24632e-06
2206 1.50421e-05
2207 2.65558e-05
2208 4.53772e-05
2209 7.50517e-05
2210 0.000120156
2211 0.000186212
2212 0.000279358
2213 0.000405709
2214 0.000570402
2215 0.000776366
2216 0.001023
2217 0.00130503
2218 0.00161174
2219 0.00192711
2220 0.00223077
2221 0.00249999
2222 0.0027124
2223 0.00284905
2224 0.00289715
2225 0.00285207
2226 0.00271807
2227 0.00250763
2228 0.00223955
2229 0.00193614
2230 0.00162026
2231 0.00131246
2232 0.00102903
2233 0.000780893
2234 0.000573538
2235 0.00040768
2236 0.000280441
2237 0.000186684
2238 0.000120252
2239 7.49494e-05
2240 4.51972e-05
2241 2.63688e-05
2242 1.48824e-05
2243 8.12511e-06
2244 4.29062e-06
2245 2.19133e-06
2246 1.08232e-06
2247 5.16912e-07
2248 2.38698e-07
2249 1.06562e-07
2250 4.59872e-08
2251 1.91841e-08
2252 7.73951e-09
2253 3.02963e-09
2254 1.17351e-09
2255 4.98073e-10
2256 3.22812e-10
2257 1.91468e-08
2258 2.69502e-08
2259 5.52964e-08
2260 1.22445e-07
2261 2.67862e-07
2262 5.69051e-07
2263 1.17047e-06
2264 2.32992e-06
2265 4.48825e-06
2266 8.36738e-06
2267 1.50974e-05
2268 2.63656e-05
2269 4.45672e-05
2270 7.29208e-05
2271 0.000115495
2272 0.000177077
2273 0.000262822
2274 0.000377635
2275 0.000525292
2276 0.000707382
2277 0.000922224
2278 0.001164
2279 0.00142234
2280 0.00168263
2281 0.00192711
2282 0.00213677
2283 0.0022937
2284 0.00238362
2285 0.00239803
2286 0.00233551
2287 0.00220195
2288 0.00200966
2289 0.00177548
2290 0.00151836
2291 0.00125685
2292 0.001007
2293 0.000780893
2294 0.000586078
2295 0.000425697
2296 0.000299231
2297 0.00020354
2298 0.000133969
2299 8.53193e-05
2300 5.25714e-05
2301 3.13388e-05
2302 1.80723e-05
2303 1.00812e-05
2304 5.43925e-06
2305 2.83831e-06
2306 1.43229e-06
2307 6.98902e-07
2308 3.29735e-07
2309 1.50395e-07
2310 6.63086e-08
2311 2.82573e-08
2312 1.16386e-08
2313 4.63534e-09
2314 1.79107e-09
2315 6.84832e-10
2316 2.87266e-10
2317 1.84758e-10
2318 2.06317e-08
2319 2.885e-08
2320 5.86211e-08
2321 1.28401e-07
2322 2.778e-07
2323 5.83677e-07
2324 1.18742e-06
2325 2.33788e-06
2326 4.45472e-06
2327 8.21509e-06
2328 1.4663e-05
2329 2.5332e-05
2330 4.23615e-05
2331 6.85717e-05
2332 0.000107449
2333 0.00016299
2334 0.000239346
2335 0.000340258
2336 0.000468289
2337 0.000623945
2338 0.000804842
2339 0.0010051
2340 0.00121518
2341 0.00142234
2342 0.00161174
2343 0.00176813
2344 0.00187782
2345 0.00193066
2346 0.00192161
2347 0.00185148
2348 0.00172688
2349 0.00155911
2350 0.00136255
2351 0.00115259
2352 0.000943693
2353 0.000747823
2354 0.000573538
2355 0.000425697
2356 0.000305769
2357 0.000212529
2358 0.000142939
2359 9.30168e-05
2360 5.85635e-05
2361 3.5671e-05
2362 2.10183e-05
2363 1.19795e-05
2364 6.60393e-06
2365 3.5209e-06
2366 1.81531e-06
2367 9.05013e-07
2368 4.36233e-07
2369 2.0328e-07
2370 9.15663e-08
2371 3.98647e-08
2372 1.67728e-08
2373 6.8198e-09
2374 2.68091e-09
2375 1.02232e-09
2376 3.85787e-10
2377 1.59902e-10
2378 1.02044e-10
2379 2.14962e-08
2380 2.98637e-08
2381 6.00989e-08
2382 1.30226e-07
2383 2.78674e-07
2384 5.7913e-07
2385 1.16537e-06
2386 2.26965e-06
2387 4.27809e-06
2388 7.80463e-06
2389 1.37812e-05
2390 2.35544e-05
2391 3.89694e-05
2392 6.24104e-05
2393 9.67577e-05
2394 0.000145217
2395 0.000210992
2396 0.00029678
2397 0.000404137
2398 0.000532784
2399 0.000679995
2400 0.000840218
2401 0.0010051
2402 0.001164
2403 0.00130503
2404 0.00141646
2405 0.00148834
2406 0.00151391
2407 0.00149071
2408 0.00142092
2409 0.00131103
2410 0.00117089
2411 0.00101219
2412 0.000846899
2413 0.000685821
2414 0.000537502
2415 0.00040768
2416 0.000299231
2417 0.000212529
2418 0.00014606
2419 9.71219e-05
2420 6.24813e-05
2421 3.88866e-05
2422 2.34118e-05
2423 1.3634e-05
2424 7.67937e-06
2425 4.18321e-06
2426 2.2036e-06
2427 1.12242e-06
2428 5.52752e-07
2429 2.63156e-07
2430 1.21103e-07
2431 5.38645e-08
2432 2.31527e-08
2433 9.61619e-09
2434 3.85912e-09
2435 1.4971e-09
2436 5.63303e-10
2437 2.09751e-10
2438 8.58867e-11
2439 5.43781e-11
2440 2.1658e-08
2441 2.98945e-08
2442 5.95898e-08
2443 1.2775e-07
2444 2.70418e-07
2445 5.55894e-07
2446 1.10655e-06
2447 2.13195e-06
2448 3.9755e-06
2449 7.17517e-06
2450 1.25348e-05
2451 2.11965e-05
2452 3.46968e-05
2453 5.49799e-05
2454 8.43374e-05
2455 0.000125241
2456 0.000180049
2457 0.000250587
2458 0.000337638
2459 0.000440427
2460 0.000556194
2461 0.000679995
2462 0.000804842
2463 0.000922224
2464 0.001023
2465 0.00109857
2466 0.00114203
2467 0.00114925
2468 0.00111952
2469 0.00105564
2470 0.000963504
2471 0.000851193
2472 0.00072782
2473 0.000602314
2474 0.000482398
2475 0.000373898
2476 0.000280441
2477 0.00020354
2478 0.000142939
2479 9.71219e-05
2480 6.38446e-05
2481 4.06013e-05
2482 2.49766e-05
2483 1.48618e-05
2484 8.55302e-06
2485 4.76035e-06
2486 2.56207e-06
2487 1.33332e-06
2488 6.70845e-07
2489 3.26296e-07
2490 1.5341e-07
2491 6.97097e-08
2492 3.06111e-08
2493 1.29883e-08
2494 5.3243e-09
2495 2.10856e-09
2496 8.07079e-10
2497 2.99578e-10
2498 1.10047e-10
2499 4.45065e-11
2500 2.79534e-11
2501 2.11029e-08
2502 2.89419e-08
2503 5.71484e-08
2504 1.21225e-07
2505 2.53852e-07
2506 5.16236e-07
2507 1.01661e-06
2508 1.93775e-06
2509 3.57491e-06
2510 6.3837e-06
2511 1.1034e-05
2512 1.84615e-05
2513 2.99009e-05
2514 4.68813e-05
2515 7.11574e-05
2516 0.000104557
2517 0.000148734
2518 0.000204827
2519 0.00027308
2520 0.000352468
2521 0.000440427
2522 0.000532784
2523 0.000623945
2524 0.000707382
2525 0.000776366
2526 0.00082485
2527 0.000848341
2528 0.00084458
2529 0.000813905
2530 0.000759197
2531 0.000685438
2532 0.000598961
2533 0.000506554
2534 0.000414603
2535 0.000328395
2536 0.000251707
2537 0.000186684
2538 0.000133969
2539 9.30168e-05
2540 6.24813e-05
2541 4.06013e-05
2542 2.55211e-05
2543 1.55166e-05
2544 9.12415e-06
2545 5.18863e-06
2546 2.85323e-06
2547 1.51706e-06
2548 7.79847e-07
2549 3.87532e-07
2550 1.86144e-07
2551 8.64136e-08
2552 3.87662e-08
2553 1.68037e-08
2554 7.03687e-09
2555 2.84655e-09
2556 1.11224e-09
2557 4.19963e-10
2558 1.5375e-10
2559 5.57047e-11
2560 2.22466e-11
2561 1.3859e-11
2562 1.98869e-08
2563 2.71009e-08
2564 5.30145e-08
2565 1.11281e-07
2566 2.30545e-07
2567 4.63842e-07
2568 9.03714e-07
2569 1.70429e-06
2570 3.11095e-06
2571 5.49656e-06
2572 9.40053e-06
2573 1.5563e-05
2574 2.49415e-05
2575 3.8695e-05
2576 5.81161e-05
2577 8.44992e-05
2578 0.00011894
2579 0.000162079
2580 0.00021382
2581 0.00027308
2582 0.000337638
2583 0.000404137
2584 0.000468289
2585 0.000525292
2586 0.000570402
2587 0.000599575
2588 0.000610067
2589 0.000600855
2590 0.000572803
2591 0.00052853
2592 0.000472002
2593 0.000407954
2594 0.000341233
2595 0.000276212
2596 0.000216353
2597 0.000163979
2598 0.000120252
2599 8.53193e-05
2600 5.85635e-05
2601 3.88866e-05
2602 2.49766e-05
2603 1.55166e-05
2604 9.32287e-06
2605 5.41699e-06
2606 3.04356e-06
2607 1.6534e-06
2608 8.68372e-07
2609 4.40876e-07
2610 2.16352e-07
2611 1.0261e-07
2612 4.70271e-08
2613 2.08247e-08
2614 8.90889e-09
2615 3.68145e-09
2616 1.46929e-09
2617 5.66316e-10
2618 2.10893e-10
2619 7.61343e-11
2620 2.71998e-11
2621 1.07241e-11
2622 6.62571e-12
2623 1.8127e-08
2624 2.45467e-08
2625 4.75744e-08
2626 9.88266e-08
2627 2.02578e-07
2628 4.03257e-07
2629 7.77372e-07
2630 1.45057e-06
2631 2.61996e-06
2632 4.58042e-06
2633 7.75155e-06
2634 1.26986e-05
2635 2.0138e-05
2636 3.09159e-05
2637 4.5947e-05
2638 6.6107e-05
2639 9.20779e-05
2640 0.00012416
2641 0.000162079
2642 0.000204827
2643 0.000250587
2644 0.00029678
2645 0.000340258
2646 0.000377635
2647 0.000405709
2648 0.000421915
2649 0.000424705
2650 0.0004138
2651 0.000390225
2652 0.000356161
2653 0.000314604
2654 0.000268936
2655 0.000222474
2656 0.000178087
2657 0.000137937
2658 0.000103372
2659 7.49494e-05
2660 5.25714e-05
2661 3.5671e-05
2662 2.34118e-05
2663 1.48618e-05
2664 9.12415e-06
2665 5.41699e-06
2666 3.10978e-06
2667 1.7261e-06
2668 9.26232e-07
2669 4.80451e-07
2670 2.40881e-07
2671 1.16716e-07
2672 5.46488e-08
2673 2.47226e-08
2674 1.08047e-08
2675 4.5611e-09
2676 1.85954e-09
2677 7.32074e-10
2678 2.78285e-10
2679 1.02186e-10
2680 3.63686e-11
2681 1.28089e-11
2682 4.98457e-12
2683 3.05381e-12
2684 1.59827e-08
2685 2.15073e-08
2686 4.13018e-08
2687 8.49137e-08
2688 1.7223e-07
2689 3.39239e-07
2690 6.47093e-07
2691 1.19481e-06
2692 2.13542e-06
2693 3.69429e-06
2694 6.18665e-06
2695 1.00292e-05
2696 1.57389e-05
2697 2.39105e-05
2698 3.51649e-05
2699 5.00662e-05
2700 6.9007e-05
2701 9.20779e-05
2702 0.00011894
2703 0.000148734
2704 0.000180049
2705 0.000210992
2706 0.000239346
2707 0.000262822
2708 0.000279358
2709 0.000287414
2710 0.000286213
2711 0.000275861
2712 0.00025733
2713 0.000232312
2714 0.000202961
2715 0.000171591
2716 0.000140375
2717 0.000111116
2718 8.50998e-05
2719 6.30545e-05
2720 4.51972e-05
2721 3.13388e-05
2722 2.10183e-05
2723 1.3634e-05
2724 8.55302e-06
2725 5.18863e-06
2726 3.04356e-06
2727 1.7261e-06
2728 9.46362e-07
2729 5.01549e-07
2730 2.56912e-07
2731 1.2718e-07
2732 6.08367e-08
2733 2.81167e-08
2734 1.25533e-08
2735 5.41358e-09
2736 2.25464e-09
2737 9.06711e-10
2738 3.52041e-10
2739 1.31953e-10
2740 4.77662e-11
2741 1.6756e-11
2742 5.81631e-12
2743 2.23342e-12
2744 1.35664e-12
2745 1.36323e-08
2746 1.823e-08
2747 3.46902e-08
2748 7.05922e-08
2749 1.41688e-07
2750 2.76161e-07
2751 5.2127e-07
2752 9.52446e-07
2753 1.68452e-06
2754 2.88391e-06
2755 4.77931e-06
2756 7.66722e-06
2757 1.19071e-05
2758 1.79011e-05
2759 2.60531e-05
2760 3.67069e-05
2761 5.00662e-05
2762 6.6107e-05
2763 8.44992e-05
2764 0.000104557
2765 0.000125241
2766 0.000145217
2767 0.00016299
2768 0.000177077
2769 0.000186212
2770 0.000189532
2771 0.000186711
2772 0.000178014
2773 0.000164253
2774 0.000146665
2775 0.000126727
2776 0.000105956
2777 8.5716e-05
2778 6.70898e-05
2779 5.08018e-05
2780 3.72135e-05
2781 2.63688e-05
2782 1.80723e-05
2783 1.19795e-05
2784 7.67937e-06
2785 4.76035e-06
2786 2.85323e-06
2787 1.6534e-06
2788 9.26232e-07
2789 5.01549e-07
2790 2.62489e-07
2791 1.32758e-07
2792 6.48802e-08
2793 3.06341e-08
2794 1.39728e-08
2795 6.15575e-09
2796 2.619e-09
2797 1.07592e-09
2798 4.26715e-10
2799 1.6336e-10
2800 6.03619e-11
2801 2.1536e-11
2802 7.44425e-12
2803 2.54611e-12
2804 9.64477e-13
2805 5.80769e-13
2806 1.12489e-08
2807 1.49495e-08
2808 2.8191e-08
2809 5.67847e-08
2810 1.12792e-07
2811 2.17556e-07
2812 4.06381e-07
2813 7.34817e-07
2814 1.28614e-06
2815 2.17905e-06
2816 3.57378e-06
2817 5.67383e-06
2818 8.72008e-06
2819 1.29737e-05
2820 1.86858e-05
2821 2.60531e-05
2822 3.51649e-05
2823 4.5947e-05
2824 5.81161e-05
2825 7.11574e-05
2826 8.43374e-05
2827 9.67577e-05
2828 0.000107449
2829 0.000115495
2830 0.000120156
2831 0.000120986
2832 0.000117901
2833 0.00011119
2834 0.000101476
2835 8.96168e-05
2836 7.65801e-05
2837 6.33167e-05
2838 5.06489e-05
2839 3.91961e-05
2840 2.93431e-05
2841 2.12484e-05
2842 1.48824e-05
2843 1.00812e-05
2844 6.60393e-06
2845 4.18321e-06
2846 2.56207e-06
2847 1.51706e-06
2848 8.68372e-07
2849 4.80451e-07
2850 2.56912e-07
2851 1.32758e-07
2852 6.62868e-08
2853 3.1976e-08
2854 1.49002e-08
2855 6.70612e-09
2856 2.91471e-09
2857 1.22319e-09
2858 4.95565e-10
2859 1.93792e-10
2860 7.31359e-11
2861 2.66343e-11
2862 9.36352e-12
2863 3.18853e-12
2864 1.07425e-12
2865 4.01321e-13
2866 2.39526e-13
2867 8.98034e-09
2868 1.1861e-08
2869 2.21667e-08
2870 4.41999e-08
2871 8.68898e-08
2872 1.65861e-07
2873 3.06615e-07
2874 5.48691e-07
2875 9.50447e-07
2876 1.59367e-06
2877 2.58672e-06
2878 4.06432e-06
2879 6.18184e-06
2880 9.10214e-06
2881 1.29737e-05
2882 1.79011e-05
2883 2.39105e-05
2884 3.09159e-05
2885 3.8695e-05
2886 4.68813e-05
2887 5.49799e-05
2888 6.24104e-05
2889 6.85717e-05
2890 7.29208e-05
2891 7.50517e-05
2892 7.47574e-05
2893 7.20628e-05
2894 6.72218e-05
2895 6.06777e-05
2896 5.2996e-05
2897 4.47844e-05
2898 3.66143e-05
2899 2.89593e-05
2900 2.21568e-05
2901 1.63975e-05
2902 1.17372e-05
2903 8.12511e-06
2904 5.43925e-06
2905 3.5209e-06
2906 2.2036e-06
2907 1.33332e-06
2908 7.79847e-07
2909 4.40876e-07
2910 2.40881e-07
2911 1.2718e-07
2912 6.48802e-08
2913 3.1976e-08
2914 1.52228e-08
2915 6.99945e-09
2916 3.10789e-09
2917 1.33239e-09
2918 5.51433e-10
2919 2.20277e-10
2920 8.49156e-11
2921 3.15841e-11
2922 1.13336e-11
2923 3.9251e-12
2924 1.31639e-12
2925 4.36748e-13
2926 1.60866e-13
2927 9.51491e-14
2928 6.93656e-09
2929 9.1054e-09
2930 1.68654e-08
2931 3.32924e-08
2932 6.47762e-08
2933 1.22376e-07
2934 2.239e-07
2935 3.96548e-07
2936 6.79836e-07
2937 1.12819e-06
2938 1.81233e-06
2939 2.81824e-06
2940 4.24232e-06
2941 6.18184e-06
2942 8.72008e-06
2943 1.19071e-05
2944 1.57389e-05
2945 2.0138e-05
2946 2.49415e-05
2947 2.99009e-05
2948 3.46968e-05
2949 3.89694e-05
2950 4.23615e-05
2951 4.45672e-05
2952 4.53772e-05
2953 4.47114e-05
2954 4.2632e-05
2955 3.93338e-05
2956 3.51143e-05
2957 3.03294e-05
2958 2.53441e-05
2959 2.04879e-05
2960 1.6021e-05
2961 1.21178e-05
2962 8.86468e-06
2963 6.27155e-06
2964 4.29062e-06
2965 2.83831e-06
2966 1.81531e-06
2967 1.12242e-06
2968 6.70845e-07
2969 3.87532e-07
2970 2.16352e-07
2971 1.16716e-07
2972 6.08367e-08
2973 3.06341e-08
2974 1.49002e-08
2975 6.99945e-09
2976 3.17509e-09
2977 1.39059e-09
2978 5.87926e-10
2979 2.39912e-10
2980 9.44728e-11
2981 3.58927e-11
2982 1.31544e-11
2983 4.64999e-12
2984 1.58601e-12
2985 5.23719e-13
2986 1.71061e-13
2987 6.21012e-14
2988 3.63953e-14
2989 5.18419e-09
2990 6.76353e-09
2991 1.2417e-08
2992 2.4267e-08
2993 4.6734e-08
2994 8.73863e-08
2995 1.58243e-07
2996 2.77391e-07
2997 4.70678e-07
2998 7.73078e-07
2999 1.22913e-06
3000 1.89168e-06
3001 2.81824e-06
3002 4.06432e-06
3003 5.67383e-06
3004 7.66722e-06
3005 1.00292e-05
3006 1.26986e-05
3007 1.5563e-05
3008 1.84615e-05
3009 2.11965e-05
3010 2.35544e-05
3011 2.5332e-05
3012 2.63656e-05
3013 2.65558e-05
3014 2.58828e-05
3015 2.44101e-05
3016 2.22746e-05
3017 1.96655e-05
3018 1.67967e-05
3019 1.38785e-05
3020 1.10924e-05
3021 8.57514e-06
3022 6.41142e-06
3023 4.63584e-06
3024 3.24136e-06
3025 2.19133e-06
3026 1.43229e-06
3027 9.05013e-07
3028 5.52752e-07
3029 3.26296e-07
3030 1.86144e-07
3031 1.0261e-07
3032 5.46488e-08
3033 2.81167e-08
3034 1.39728e-08
3035 6.70612e-09
3036 3.10789e-09
3037 1.39059e-09
3038 6.00619e-10
3039 2.50374e-10
3040 1.00715e-10
3041 3.90867e-11
3042 1.46322e-11
3043 5.28262e-12
3044 1.83906e-12
3045 6.17596e-13
3046 2.00739e-13
3047 6.45289e-14
3048 2.30824e-14
3049 1.34015e-14
3050 3.74905e-09
3051 4.8614e-09
3052 8.84648e-09
3053 1.71178e-08
3054 3.26311e-08
3055 6.03935e-08
3056 1.08247e-07
3057 1.87812e-07
3058 3.15422e-07
3059 5.12773e-07
3060 8.06911e-07
3061 1.22913e-06
3062 1.81233e-06
3063 2.58672e-06
3064 3.57378e-06
3065 4.77931e-06
3066 6.18665e-06
3067 7.75155e-06
3068 9.40053e-06
3069 1.1034e-05
3070 1.25348e-05
3071 1.37812e-05
3072 1.4663e-05
3073 1.50974e-05
3074 1.50421e-05
3075 1.45015e-05
3076 1.35267e-05
3077 1.22073e-05
3078 1.06578e-05
3079 9.0012e-06
3080 7.35348e-06
3081 5.81043e-06
3082 4.4403e-06
3083 3.28147e-06
3084 2.34498e-06
3085 1.62025e-06
3086 1.08232e-06
3087 6.98902e-07
3088 4.36233e-07
3089 2.63156e-07
3090 1.5341e-07
3091 8.64136e-08
3092 4.70271e-08
3093 2.47226e-08
3094 1.25533e-08
3095 6.15575e-09
3096 2.91471e-09
3097 1.33239e-09
3098 5.87926e-10
3099 2.50374e-10
3100 1.02886e-10
3101 4.07885e-11
3102 1.55973e-11
3103 5.75179e-12
3104 2.04507e-12
3105 7.00979e-13
3106 2.31709e-13
3107 7.41096e-14
3108 2.34383e-14
3109 8.25825e-15
3110 4.74908e-15
3111 2.62349e-09
3112 3.38124e-09
3113 6.09922e-09
3114 1.16855e-08
3115 2.20506e-08
3116 4.03965e-08
3117 7.16684e-08
3118 1.23081e-07
3119 2.04603e-07
3120 3.29222e-07
3121 5.12773e-07
3122 7.73078e-07
3123 1.12819e-06
3124 1.59367e-06
3125 2.17905e-06
3126 2.88391e-06
3127 3.69429e-06
3128 4.58042e-06
3129 5.49656e-06
3130 6.3837e-06
3131 7.17517e-06
3132 7.80463e-06
3133 8.21509e-06
3134 8.36738e-06
3135 8.24632e-06
3136 7.86319e-06
3137 7.254e-06
3138 6.47394e-06
3139 5.58908e-06
3140 4.66725e-06
3141 3.76961e-06
3142 2.9445e-06
3143 2.22418e-06
3144 1.62454e-06
3145 1.14724e-06
3146 7.83244e-07
3147 5.16912e-07
3148 3.29735e-07
3149 2.0328e-07
3150 1.21103e-07
3151 6.97097e-08
3152 3.87662e-08
3153 2.08247e-08
3154 1.08047e-08
3155 5.41358e-09
3156 2.619e-09
3157 1.22319e-09
3158 5.51433e-10
3159 2.39912e-10
3160 1.00715e-10
3161 4.07885e-11
3162 1.5933e-11
3163 6.00178e-12
3164 2.17969e-12
3165 7.63039e-13
3166 2.57438e-13
3167 8.37358e-14
3168 2.63458e-14
3169 8.19497e-15
3170 2.8431e-15
3171 1.61912e-15
3172 1.7765e-09
3173 2.27577e-09
3174 4.06946e-09
3175 7.7202e-09
3176 1.44214e-08
3177 2.61524e-08
3178 4.5927e-08
3179 7.80728e-08
3180 1.28464e-07
3181 2.04603e-07
3182 3.15422e-07
3183 4.70678e-07
3184 6.79836e-07
3185 9.50447e-07
3186 1.28614e-06
3187 1.68452e-06
3188 2.13542e-06
3189 2.61996e-06
3190 3.11095e-06
3191 3.57491e-06
3192 3.9755e-06
3193 4.27809e-06
3194 4.45472e-06
3195 4.48825e-06
3196 4.37516e-06
3197 4.12615e-06
3198 3.76444e-06
3199 3.32222e-06
3200 2.83595e-06
3201 2.34139e-06
3202 1.86948e-06
3203 1.44344e-06
3204 1.07764e-06
3205 7.77855e-07
3206 5.42791e-07
3207 3.66127e-07
3208 2.38698e-07
3209 1.50395e-07
3210 9.15663e-08
3211 5.38645e-08
3212 3.06111e-08
3213 1.68037e-08
3214 8.90889e-09
3215 4.5611e-09
3216 2.25464e-09
3217 1.07592e-09
3218 4.95565e-10
3219 2.20277e-10
3220 9.44728e-11
3221 3.90867e-11
3222 1.55973e-11
3223 6.00178e-12
3224 2.22651e-12
3225 7.96131e-13
3226 2.74323e-13
3227 9.10728e-14
3228 2.91404e-14
3229 9.0162e-15
3230 2.75734e-15
3231 9.41589e-16
3232 5.30913e-16
3233 1.16411e-09
3234 1.48228e-09
3235 2.62763e-09
3236 4.93619e-09
3237 9.12834e-09
3238 1.63867e-08
3239 2.84863e-08
3240 4.79344e-08
3241 7.80728e-08
3242 1.23081e-07
3243 1.87812e-07
3244 2.77391e-07
3245 3.96548e-07
3246 5.48691e-07
3247 7.34817e-07
3248 9.52446e-07
3249 1.19481e-06
3250 1.45057e-06
3251 1.70429e-06
3252 1.93775e-06
3253 2.13195e-06
3254 2.26965e-06
3255 2.33788e-06
3256 2.32992e-06
3257 2.24639e-06
3258 2.0952e-06
3259 1.8903e-06
3260 1.64957e-06
3261 1.39222e-06
3262 1.13634e-06
3263 8.96872e-07
3264 6.84443e-07
3265 5.04994e-07
3266 3.60192e-07
3267 2.48333e-07
3268 1.65478e-07
3269 1.06562e-07
3270 6.63086e-08
3271 3.98647e-08
3272 2.31527e-08
3273 1.29883e-08
3274 7.03687e-09
3275 3.68145e-09
3276 1.85954e-09
3277 9.06711e-10
3278 4.26715e-10
3279 1.93792e-10
3280 8.49156e-11
3281 3.58927e-11
3282 1.46322e-11
3283 5.75179e-12
3284 2.17969e-12
3285 7.96131e-13
3286 2.80201e-13
3287 9.50053e-14
3288 3.10271e-14
3289 9.76286e-15
3290 2.96951e-15
3291 8.92528e-16
3292 2.99885e-16
3293 1.67379e-16
3294 7.38197e-10
3295 9.34306e-10
3296 1.64198e-09
3297 3.05455e-09
3298 5.59222e-09
3299 9.9379e-09
3300 1.71016e-08
3301 2.84863e-08
3302 4.5927e-08
3303 7.16684e-08
3304 1.08247e-07
3305 1.58243e-07
3306 2.239e-07
3307 3.06615e-07
3308 4.06381e-07
3309 5.2127e-07
3310 6.47093e-07
3311 7.77372e-07
3312 9.03714e-07
3313 1.01661e-06
3314 1.10655e-06
3315 1.16537e-06
3316 1.18742e-06
3317 1.17047e-06
3318 1.11612e-06
3319 1.02948e-06
3320 9.18433e-07
3321 7.92444e-07
3322 6.61215e-07
3323 5.33497e-07
3324 4.16193e-07
3325 3.13899e-07
3326 2.28862e-07
3327 1.61287e-07
3328 1.09855e-07
3329 7.23072e-08
3330 4.59872e-08
3331 2.82573e-08
3332 1.67728e-08
3333 9.61619e-09
3334 5.3243e-09
3335 2.84655e-09
3336 1.46929e-09
3337 7.32074e-10
3338 3.52041e-10
3339 1.6336e-10
3340 7.31359e-11
3341 3.15841e-11
3342 1.31544e-11
3343 5.28262e-12
3344 2.04507e-12
3345 7.63039e-13
3346 2.74323e-13
3347 9.50053e-14
3348 3.16879e-14
3349 1.01769e-14
3350 3.148e-15
3351 9.40953e-16
3352 2.7785e-16
3353 9.18187e-17
3354 5.0718e-17
3355 4.53048e-10
3356 5.69965e-10
3357 9.93069e-10
3358 1.82947e-09
3359 3.31597e-09
3360 5.83369e-09
3361 9.9379e-09
3362 1.63867e-08
3363 2.61524e-08
3364 4.03965e-08
3365 6.03935e-08
3366 8.73863e-08
3367 1.22376e-07
3368 1.65861e-07
3369 2.17556e-07
3370 2.76161e-07
3371 3.39239e-07
3372 4.03257e-07
3373 4.63842e-07
3374 5.16236e-07
3375 5.55894e-07
3376 5.7913e-07
3377 5.83677e-07
3378 5.69051e-07
3379 5.36637e-07
3380 4.89471e-07
3381 4.31773e-07
3382 3.68322e-07
3383 3.03813e-07
3384 2.42298e-07
3385 1.86817e-07
3386 1.39238e-07
3387 1.00307e-07
3388 6.98377e-08
3389 4.69872e-08
3390 3.05455e-08
3391 1.91841e-08
3392 1.16386e-08
3393 6.8198e-09
3394 3.85912e-09
3395 2.10856e-09
3396 1.11224e-09
3397 5.66316e-10
3398 2.78285e-10
3399 1.31953e-10
3400 6.03619e-11
3401 2.66343e-11
3402 1.13336e-11
3403 4.64999e-12
3404 1.83906e-12
3405 7.00979e-13
3406 2.57438e-13
3407 9.10728e-14
3408 3.10271e-14
3409 1.01769e-14
3410 3.2131e-15
3411 9.76728e-16
3412 2.86794e-16
3413 8.3165e-17
3414 2.70186e-17
3415 1.47663e-17
3416 2.69223e-10
3417 3.36678e-10
3418 5.81548e-10
3419 1.06095e-09
3420 1.9039e-09
3421 3.31597e-09
3422 5.59222e-09
3423 9.12834e-09
3424 1.44214e-08
3425 2.20506e-08
3426 3.26311e-08
3427 4.6734e-08
3428 6.47762e-08
3429 8.68898e-08
3430 1.12792e-07
3431 1.41688e-07
3432 1.7223e-07
3433 2.02578e-07
3434 2.30545e-07
3435 2.53852e-07
3436 2.70418e-07
3437 2.78674e-07
3438 2.778e-07
3439 2.67862e-07
3440 2.49804e-07
3441 2.253e-07
3442 1.96498e-07
3443 1.65712e-07
3444 1.35115e-07
3445 1.06504e-07
3446 8.11514e-08
3447 5.97649e-08
3448 4.25371e-08
3449 2.92557e-08
3450 1.9441e-08
3451 1.24807e-08
3452 7.73951e-09
3453 4.63534e-09
3454 2.68091e-09
3455 1.4971e-09
3456 8.07079e-10
3457 4.19963e-10
3458 2.10893e-10
3459 1.02186e-10
3460 4.77662e-11
3461 2.1536e-11
3462 9.36352e-12
3463 3.9251e-12
3464 1.58601e-12
3465 6.17596e-13
3466 2.31709e-13
3467 8.37358e-14
3468 2.91404e-14
3469 9.76286e-15
3470 3.148e-15
3471 9.76728e-16
3472 2.9167e-16
3473 8.40967e-17
3474 2.39377e-17
3475 7.64142e-18
3476 4.13069e-18
3477 1.55305e-10
3478 1.93082e-10
3479 3.30549e-10
3480 5.9714e-10
3481 1.06095e-09
3482 1.82947e-09
3483 3.05455e-09
3484 4.93619e-09
3485 7.7202e-09
3486 1.16855e-08
3487 1.71178e-08
3488 2.4267e-08
3489 3.32924e-08
3490 4.41999e-08
3491 5.67847e-08
3492 7.05922e-08
3493 8.49137e-08
3494 9.88266e-08
3495 1.11281e-07
3496 1.21225e-07
3497 1.2775e-07
3498 1.30226e-07
3499 1.28401e-07
3500 1.22445e-07
3501 1.12922e-07
3502 1.00703e-07
3503 8.68349e-08
3504 7.23924e-08
3505 5.83437e-08
3506 4.54519e-08
3507 3.42231e-08
3508 2.49027e-08
3509 1.75098e-08
3510 1.18951e-08
3511 7.8065e-09
3512 4.94861e-09
3513 3.02963e-09
3514 1.79107e-09
3515 1.02232e-09
3516 5.63303e-10
3517 2.99578e-10
3518 1.5375e-10
3519 7.61343e-11
3520 3.63686e-11
3521 1.6756e-11
3522 7.44425e-12
3523 3.18853e-12
3524 1.31639e-12
3525 5.23719e-13
3526 2.00739e-13
3527 7.41096e-14
3528 2.63458e-14
3529 9.0162e-15
3530 2.96951e-15
3531 9.40953e-16
3532 2.86794e-16
3533 8.40967e-17
3534 2.37992e-17
3535 6.64573e-18
3536 2.08232e-18
3537 1.11252e-18
3538 8.81701e-11
3539 1.09062e-10
3540 1.8484e-10
3541 3.30549e-10
3542 5.81548e-10
3543 9.93069e-10
3544 1.64198e-09
3545 2.62763e-09
3546 4.06946e-09
3547 6.09922e-09
3548 8.84648e-09
3549 1.2417e-08
3550 1.68654e-08
3551 2.21667e-08
3552 2.8191e-08
3553 3.46902e-08
3554 4.13018e-08
3555 4.75744e-08
3556 5.30145e-08
3557 5.71484e-08
3558 5.95898e-08
3559 6.00989e-08
3560 5.86211e-08
3561 5.52964e-08
3562 5.04381e-08
3563 4.44835e-08
3564 3.79293e-08
3565 3.12639e-08
3566 2.4909e-08
3567 1.91808e-08
3568 1.42733e-08
3569 1.02631e-08
3570 7.12973e-09
3571 4.78466e-09
3572 3.10137e-09
3573 1.94142e-09
3574 1.17351e-09
3575 6.84832e-10
3576 3.85787e-10
3577 2.09751e-10
3578 1.10047e-10
3579 5.57047e-11
3580 2.71998e-11
3581 1.28089e-11
3582 5.81631e-12
3583 2.54611e-12
3584 1.07425e-12
3585 4.36748e-13
3586 1.71061e-13
3587 6.45289e-14
3588 2.34383e-14
3589 8.19497e-15
3590 2.75734e-15
3591 8.92528e-16
3592 2.7785e-16
3593 8.3165e-17
3594 2.39377e-17
3595 6.64573e-18
3596 1.81841e-18
3597 5.57057e-19
3598 2.93235e-19
3599 5.27092e-11
3600 6.51557e-11
3601 1.09062e-10
3602 1.93082e-10
3603 3.36678e-10
3604 5.69965e-10
3605 9.34306e-10
3606 1.48228e-09
3607 2.27577e-09
3608 3.38124e-09
3609 4.8614e-09
3610 6.76353e-09
3611 9.1054e-09
3612 1.1861e-08
3613 1.49495e-08
3614 1.823e-08
3615 2.15073e-08
3616 2.45467e-08
3617 2.71009e-08
3618 2.89419e-08
3619 2.98945e-08
3620 2.98637e-08
3621 2.885e-08
3622 2.69502e-08
3623 2.43416e-08
3624 2.12553e-08
3625 1.79419e-08
3626 1.4639e-08
3627 1.15436e-08
3628 8.79659e-09
3629 6.47698e-09
3630 4.60746e-09
3631 3.16611e-09
3632 2.10138e-09
3633 1.3469e-09
3634 8.33591e-10
3635 4.98073e-10
3636 2.87266e-10
3637 1.59902e-10
3638 8.58867e-11
3639 4.45065e-11
3640 2.22466e-11
3641 1.07241e-11
3642 4.98457e-12
3643 2.23342e-12
3644 9.64477e-13
3645 4.01321e-13
3646 1.60866e-13
3647 6.21012e-14
3648 2.30824e-14
3649 8.25825e-15
3650 2.8431e-15
3651 9.41589e-16
3652 2.99885e-16
3653 9.18187e-17
3654 2.70186e-17
3655 7.64142e-18
3656 2.08232e-18
3657 5.57057e-19
3658 1.6442e-19
3659 8.44019e-20
3660 4.21358e-11
3661 5.27092e-11
3662 8.81701e-11
3663 1.55305e-10
3664 2.69223e-10
3665 4.53048e-10
3666 7.38197e-10
3667 1.16411e-09
3668 1.7765e-09
3669 2.62349e-09
3670 3.74905e-09
3671 5.18419e-09
3672 6.93656e-09
3673 8.98034e-09
3674 1.12489e-08
3675 1.36323e-08
3676 1.59827e-08
3677 1.8127e-08
3678 1.98869e-08
3679 2.11029e-08
3680 2.1658e-08
3681 2.14962e-08
3682 2.06317e-08
3683 1.91468e-08
3684 1.71793e-08
3685 1.49011e-08
3686 1.24936e-08
3687 1.01244e-08
3688 7.92886e-09
3689 6.00011e-09
3690 4.38693e-09
3691 3.09855e-09
3692 2.11395e-09
3693 1.39286e-09
3694 8.86199e-10
3695 5.4438e-10
3696 3.22812e-10
3697 1.84758e-10
3698 1.02044e-10
3699 5.43781e-11
3700 2.79534e-11
3701 1.3859e-11
3702 6.62571e-12
3703 3.05381e-12
3704 1.35664e-12
3705 5.80769e-13
3706 2.39526e-13
3707 9.51491e-14
3708 3.63953e-14
3709 1.34015e-14
3710 4.74908e-15
3711 1.61912e-15
3712 5.30913e-16
3713 1.67379e-16
3714 5.0718e-17
3715 1.47663e-17
3716 4.13069e-18
3717 1.11252e-18
3718 2.93235e-19
3719 8.44019e-20
3720 4.31443e-20
